Cycle,StartTime,EndTime
0 585475000 585525000
1 585525000 585575000
2 585575000 585625000
3 585625000 585675000
4 585675000 585725000
5 585725000 585775000
6 585775000 585825000
7 585825000 585875000
8 585875000 585925000
9 585925000 585975000
10 585975000 586025000
11 586025000 586075000
12 586075000 586125000
13 586125000 586175000
14 586175000 586225000
15 586225000 586275000
16 586275000 586325000
17 586325000 586375000
18 586375000 586425000
19 586425000 586475000
20 586475000 586525000
21 586525000 586575000
22 586575000 586625000
23 586625000 586675000
24 586675000 586725000
25 586725000 586775000
26 586775000 586825000
27 586825000 586875000
28 586875000 586925000
29 586925000 586975000
30 586975000 587025000
31 587025000 587075000
32 587075000 587125000
33 587125000 587175000
34 587175000 587225000
35 587225000 587275000
36 587275000 587325000
37 587325000 587375000
38 587375000 587425000
39 587425000 587475000
40 587475000 587525000
41 587525000 587575000
42 587575000 587625000
43 587625000 587675000
44 587675000 587725000
45 587725000 587775000
46 587775000 587825000
47 587825000 587875000
48 587875000 587925000
49 587925000 587975000
50 587975000 588025000
51 588025000 588075000
52 588075000 588125000
53 588125000 588175000
54 588175000 588225000
55 588225000 588275000
56 588275000 588325000
57 588325000 588375000
58 588375000 588425000
59 588425000 588475000
60 588475000 588525000
61 588525000 588575000
62 588575000 588625000
63 588625000 588675000
64 588675000 588725000
65 588725000 588775000
66 588775000 588825000
67 588825000 588875000
68 588875000 588925000
69 588925000 588975000
70 588975000 589025000
71 589025000 589075000
72 589075000 589125000
73 589125000 589175000
74 589175000 589225000
75 589225000 589275000
76 589275000 589325000
77 589325000 589375000
78 589375000 589425000
79 589425000 589475000
80 589475000 589525000
81 589525000 589575000
82 589575000 589625000
83 589625000 589675000
84 589675000 589725000
85 589725000 589775000
86 589775000 589825000
87 589825000 589875000
88 589875000 589925000
89 589925000 589975000
90 589975000 590025000
91 590025000 590075000
92 590075000 590125000
93 590125000 590175000
94 590175000 590225000
95 590225000 590275000
96 590275000 590325000
97 590325000 590375000
98 590375000 590425000
99 590425000 590475000
100 590475000 590525000
101 590525000 590575000
102 590575000 590625000
103 590625000 590675000
104 590675000 590725000
105 590725000 590775000
106 590775000 590825000
107 590825000 590875000
108 590875000 590925000
109 590925000 590975000
110 590975000 591025000
111 591025000 591075000
112 591075000 591125000
113 591125000 591175000
114 591175000 591225000
115 591225000 591275000
116 591275000 591325000
117 591325000 591375000
118 591375000 591425000
119 591425000 591475000
120 591475000 591525000
121 591525000 591575000
122 591575000 591625000
123 591625000 591675000
124 591675000 591725000
125 591725000 591775000
126 591775000 591825000
127 591825000 591875000
128 591875000 591925000
129 591925000 591975000
130 591975000 592025000
131 592025000 592075000
132 592075000 592125000
133 592125000 592175000
134 592175000 592225000
135 592225000 592275000
136 592275000 592325000
137 592325000 592375000
138 592375000 592425000
139 592425000 592475000
140 592475000 592525000
141 592525000 592575000
142 592575000 592625000
143 592625000 592675000
144 592675000 592725000
145 592725000 592775000
146 592775000 592825000
147 592825000 592875000
148 592875000 592925000
149 592925000 592975000
150 592975000 593025000
151 593025000 593075000
152 593075000 593125000
153 593125000 593175000
154 593175000 593225000
155 593225000 593275000
156 593275000 593325000
157 593325000 593375000
158 593375000 593425000
159 593425000 593475000
160 593475000 593525000
161 593525000 593575000
162 593575000 593625000
163 593625000 593675000
164 593675000 593725000
165 593725000 593775000
166 593775000 593825000
167 593825000 593875000
168 593875000 593925000
169 593925000 593975000
170 593975000 594025000
171 594025000 594075000
172 594075000 594125000
173 594125000 594175000
174 594175000 594225000
175 594225000 594275000
176 594275000 594325000
177 594325000 594375000
178 594375000 594425000
179 594425000 594475000
180 594475000 594525000
181 594525000 594575000
182 594575000 594625000
183 594625000 594675000
184 594675000 594725000
185 594725000 594775000
186 594775000 594825000
187 594825000 594875000
188 594875000 594925000
189 594925000 594975000
190 594975000 595025000
191 595025000 595075000
192 595075000 595125000
193 595125000 595175000
194 595175000 595225000
195 595225000 595275000
196 595275000 595325000
197 595325000 595375000
198 595375000 595425000
199 595425000 595475000
200 595475000 595525000
201 595525000 595575000
202 595575000 595625000
203 595625000 595675000
204 595675000 595725000
205 595725000 595775000
206 595775000 595825000
207 595825000 595875000
208 595875000 595925000
209 595925000 595975000
210 595975000 596025000
211 596025000 596075000
212 596075000 596125000
213 596125000 596175000
214 596175000 596225000
215 596225000 596275000
216 596275000 596325000
217 596325000 596375000
218 596375000 596425000
219 596425000 596475000
220 596475000 596525000
221 596525000 596575000
222 596575000 596625000
223 596625000 596675000
224 596675000 596725000
225 596725000 596775000
226 596775000 596825000
227 596825000 596875000
228 596875000 596925000
229 596925000 596975000
230 596975000 597025000
231 597025000 597075000
232 597075000 597125000
233 597125000 597175000
234 597175000 597225000
235 597225000 597275000
236 597275000 597325000
237 597325000 597375000
238 597375000 597425000
239 597425000 597475000
240 597475000 597525000
241 597525000 597575000
242 597575000 597625000
243 597625000 597675000
244 597675000 597725000
245 597725000 597775000
246 597775000 597825000
247 597825000 597875000
248 597875000 597925000
249 597925000 597975000
250 597975000 598025000
251 598025000 598075000
252 598075000 598125000
253 598125000 598175000
254 598175000 598225000
255 598225000 598275000
256 598275000 598325000
257 598325000 598375000
258 598375000 598425000
259 598425000 598475000
260 598475000 598525000
261 598525000 598575000
262 598575000 598625000
263 598625000 598675000
264 598675000 598725000
265 598725000 598775000
266 598775000 598825000
267 598825000 598875000
268 598875000 598925000
269 598925000 598975000
270 598975000 599025000
271 599025000 599075000
272 599075000 599125000
273 599125000 599175000
274 599175000 599225000
275 599225000 599275000
276 599275000 599325000
277 599325000 599375000
278 599375000 599425000
279 599425000 599475000
280 599475000 599525000
281 599525000 599575000
282 599575000 599625000
283 599625000 599675000
284 599675000 599725000
285 599725000 599775000
286 599775000 599825000
287 599825000 599875000
288 599875000 599925000
289 599925000 599975000
290 599975000 600025000
291 600025000 600075000
292 600075000 600125000
293 600125000 600175000
294 600175000 600225000
295 600225000 600275000
296 600275000 600325000
297 600325000 600375000
298 600375000 600425000
299 600425000 600475000
300 600475000 600525000
301 600525000 600575000
302 600575000 600625000
303 600625000 600675000
304 600675000 600725000
305 600725000 600775000
306 600775000 600825000
307 600825000 600875000
308 600875000 600925000
309 600925000 600975000
310 600975000 601025000
311 601025000 601075000
312 601075000 601125000
313 601125000 601175000
314 601175000 601225000
315 601225000 601275000
316 601275000 601325000
317 601325000 601375000
318 601375000 601425000
319 601425000 601475000
320 601475000 601525000
321 601525000 601575000
322 601575000 601625000
323 601625000 601675000
324 601675000 601725000
325 601725000 601775000
326 601775000 601825000
327 601825000 601875000
328 601875000 601925000
329 601925000 601975000
330 601975000 602025000
331 602025000 602075000
332 602075000 602125000
333 602125000 602175000
334 602175000 602225000
335 602225000 602275000
336 602275000 602325000
337 602325000 602375000
338 602375000 602425000
339 602425000 602475000
340 602475000 602525000
341 602525000 602575000
342 602575000 602625000
343 602625000 602675000
344 602675000 602725000
345 602725000 602775000
346 602775000 602825000
347 602825000 602875000
348 602875000 602925000
349 602925000 602975000
350 602975000 603025000
351 603025000 603075000
352 603075000 603125000
353 603125000 603175000
354 603175000 603225000
355 603225000 603275000
356 603275000 603325000
357 603325000 603375000
358 603375000 603425000
359 603425000 603475000
360 603475000 603525000
361 603525000 603575000
362 603575000 603625000
363 603625000 603675000
364 603675000 603725000
365 603725000 603775000
366 603775000 603825000
367 603825000 603875000
368 603875000 603925000
369 603925000 603975000
370 603975000 604025000
371 604025000 604075000
372 604075000 604125000
373 604125000 604175000
374 604175000 604225000
375 604225000 604275000
376 604275000 604325000
377 604325000 604375000
378 604375000 604425000
379 604425000 604475000
380 604475000 604525000
381 604525000 604575000
382 604575000 604625000
383 604625000 604675000
384 604675000 604725000
385 604725000 604775000
386 604775000 604825000
387 604825000 604875000
388 604875000 604925000
389 604925000 604975000
390 604975000 605025000
391 605025000 605075000
392 605075000 605125000
393 605125000 605175000
394 605175000 605225000
395 605225000 605275000
396 605275000 605325000
397 605325000 605375000
398 605375000 605425000
399 605425000 605475000
400 605475000 605525000
401 605525000 605575000
402 605575000 605625000
403 605625000 605675000
404 605675000 605725000
405 605725000 605775000
406 605775000 605825000
407 605825000 605875000
408 605875000 605925000
409 605925000 605975000
410 605975000 606025000
411 606025000 606075000
412 606075000 606125000
413 606125000 606175000
414 606175000 606225000
415 606225000 606275000
416 606275000 606325000
417 606325000 606375000
418 606375000 606425000
419 606425000 606475000
420 606475000 606525000
421 606525000 606575000
422 606575000 606625000
423 606625000 606675000
424 606675000 606725000
425 606725000 606775000
426 606775000 606825000
427 606825000 606875000
428 606875000 606925000
429 606925000 606975000
430 606975000 607025000
431 607025000 607075000
432 607075000 607125000
433 607125000 607175000
434 607175000 607225000
435 607225000 607275000
436 607275000 607325000
437 607325000 607375000
438 607375000 607425000
439 607425000 607475000
440 607475000 607525000
441 607525000 607575000
442 607575000 607625000
443 607625000 607675000
444 607675000 607725000
445 607725000 607775000
446 607775000 607825000
447 607825000 607875000
448 607875000 607925000
449 607925000 607975000
450 607975000 608025000
451 608025000 608075000
452 608075000 608125000
453 608125000 608175000
454 608175000 608225000
455 608225000 608275000
456 608275000 608325000
457 608325000 608375000
458 608375000 608425000
459 608425000 608475000
460 608475000 608525000
461 608525000 608575000
462 608575000 608625000
463 608625000 608675000
464 608675000 608725000
465 608725000 608775000
466 608775000 608825000
467 608825000 608875000
468 608875000 608925000
469 608925000 608975000
470 608975000 609025000
471 609025000 609075000
472 609075000 609125000
473 609125000 609175000
474 609175000 609225000
475 609225000 609275000
476 609275000 609325000
477 609325000 609375000
478 609375000 609425000
479 609425000 609475000
480 609475000 609525000
481 609525000 609575000
482 609575000 609625000
483 609625000 609675000
484 609675000 609725000
485 609725000 609775000
486 609775000 609825000
487 609825000 609875000
488 609875000 609925000
489 609925000 609975000
490 609975000 610025000
491 610025000 610075000
492 610075000 610125000
493 610125000 610175000
494 610175000 610225000
495 610225000 610275000
496 610275000 610325000
497 610325000 610375000
498 610375000 610425000
499 610425000 610475000
500 610475000 610525000
501 610525000 610575000
502 610575000 610625000
503 610625000 610675000
504 610675000 610725000
505 610725000 610775000
506 610775000 610825000
507 610825000 610875000
508 610875000 610925000
509 610925000 610975000
510 610975000 611025000
511 611025000 611075000
512 611075000 611125000
513 611125000 611175000
514 611175000 611225000
515 611225000 611275000
516 611275000 611325000
517 611325000 611375000
518 611375000 611425000
519 611425000 611475000
520 611475000 611525000
521 611525000 611575000
522 611575000 611625000
523 611625000 611675000
524 611675000 611725000
525 611725000 611775000
526 611775000 611825000
527 611825000 611875000
528 611875000 611925000
529 611925000 611975000
530 611975000 612025000
531 612025000 612075000
532 612075000 612125000
533 612125000 612175000
534 612175000 612225000
535 612225000 612275000
536 612275000 612325000
537 612325000 612375000
538 612375000 612425000
539 612425000 612475000
540 612475000 612525000
541 612525000 612575000
542 612575000 612625000
543 612625000 612675000
544 612675000 612725000
545 612725000 612775000
546 612775000 612825000
547 612825000 612875000
548 612875000 612925000
549 612925000 612975000
550 612975000 613025000
551 613025000 613075000
552 613075000 613125000
553 613125000 613175000
554 613175000 613225000
555 613225000 613275000
556 613275000 613325000
557 613325000 613375000
558 613375000 613425000
559 613425000 613475000
560 613475000 613525000
561 613525000 613575000
562 613575000 613625000
563 613625000 613675000
564 613675000 613725000
565 613725000 613775000
566 613775000 613825000
567 613825000 613875000
568 613875000 613925000
569 613925000 613975000
570 613975000 614025000
571 614025000 614075000
572 614075000 614125000
573 614125000 614175000
574 614175000 614225000
575 614225000 614275000
576 614275000 614325000
577 614325000 614375000
578 614375000 614425000
579 614425000 614475000
580 614475000 614525000
581 614525000 614575000
582 614575000 614625000
583 614625000 614675000
584 614675000 614725000
585 614725000 614775000
586 614775000 614825000
587 614825000 614875000
588 614875000 614925000
589 614925000 614975000
590 614975000 615025000
591 615025000 615075000
592 615075000 615125000
593 615125000 615175000
594 615175000 615225000
595 615225000 615275000
596 615275000 615325000
597 615325000 615375000
598 615375000 615425000
599 615425000 615475000
600 615475000 615525000
601 615525000 615575000
602 615575000 615625000
603 615625000 615675000
604 615675000 615725000
605 615725000 615775000
606 615775000 615825000
607 615825000 615875000
608 615875000 615925000
609 615925000 615975000
610 615975000 616025000
611 616025000 616075000
612 616075000 616125000
613 616125000 616175000
614 616175000 616225000
615 616225000 616275000
616 616275000 616325000
617 616325000 616375000
618 616375000 616425000
619 616425000 616475000
620 616475000 616525000
621 616525000 616575000
622 616575000 616625000
623 616625000 616675000
624 616675000 616725000
625 616725000 616775000
626 616775000 616825000
627 616825000 616875000
628 616875000 616925000
629 616925000 616975000
630 616975000 617025000
631 617025000 617075000
632 617075000 617125000
633 617125000 617175000
634 617175000 617225000
635 617225000 617275000
636 617275000 617325000
637 617325000 617375000
638 617375000 617425000
639 617425000 617475000
640 617475000 617525000
641 617525000 617575000
642 617575000 617625000
643 617625000 617675000
644 617675000 617725000
645 617725000 617775000
646 617775000 617825000
647 617825000 617875000
648 617875000 617925000
649 617925000 617975000
650 617975000 618025000
651 618025000 618075000
652 618075000 618125000
653 618125000 618175000
654 618175000 618225000
655 618225000 618275000
656 618275000 618325000
657 618325000 618375000
658 618375000 618425000
659 618425000 618475000
660 618475000 618525000
661 618525000 618575000
662 618575000 618625000
663 618625000 618675000
664 618675000 618725000
665 618725000 618775000
666 618775000 618825000
667 618825000 618875000
668 618875000 618925000
669 618925000 618975000
670 618975000 619025000
671 619025000 619075000
672 619075000 619125000
673 619125000 619175000
674 619175000 619225000
675 619225000 619275000
676 619275000 619325000
677 619325000 619375000
678 619375000 619425000
679 619425000 619475000
680 619475000 619525000
681 619525000 619575000
682 619575000 619625000
683 619625000 619675000
684 619675000 619725000
685 619725000 619775000
686 619775000 619825000
687 619825000 619875000
688 619875000 619925000
689 619925000 619975000
690 619975000 620025000
691 620025000 620075000
692 620075000 620125000
693 620125000 620175000
694 620175000 620225000
695 620225000 620275000
696 620275000 620325000
697 620325000 620375000
698 620375000 620425000
699 620425000 620475000
700 620475000 620525000
701 620525000 620575000
702 620575000 620625000
703 620625000 620675000
704 620675000 620725000
705 620725000 620775000
706 620775000 620825000
707 620825000 620875000
708 620875000 620925000
709 620925000 620975000
710 620975000 621025000
711 621025000 621075000
712 621075000 621125000
713 621125000 621175000
714 621175000 621225000
715 621225000 621275000
716 621275000 621325000
717 621325000 621375000
718 621375000 621425000
719 621425000 621475000
720 621475000 621525000
721 621525000 621575000
722 621575000 621625000
723 621625000 621675000
724 621675000 621725000
725 621725000 621775000
726 621775000 621825000
727 621825000 621875000
728 621875000 621925000
729 621925000 621975000
730 621975000 622025000
731 622025000 622075000
732 622075000 622125000
733 622125000 622175000
734 622175000 622225000
735 622225000 622275000
736 622275000 622325000
737 622325000 622375000
738 622375000 622425000
739 622425000 622475000
740 622475000 622525000
741 622525000 622575000
742 622575000 622625000
743 622625000 622675000
744 622675000 622725000
745 622725000 622775000
746 622775000 622825000
747 622825000 622875000
748 622875000 622925000
749 622925000 622975000
750 622975000 623025000
751 623025000 623075000
752 623075000 623125000
753 623125000 623175000
754 623175000 623225000
755 623225000 623275000
756 623275000 623325000
757 623325000 623375000
758 623375000 623425000
759 623425000 623475000
760 623475000 623525000
761 623525000 623575000
762 623575000 623625000
763 623625000 623675000
764 623675000 623725000
765 623725000 623775000
766 623775000 623825000
767 623825000 623875000
768 623875000 623925000
769 623925000 623975000
770 623975000 624025000
771 624025000 624075000
772 624075000 624125000
773 624125000 624175000
774 624175000 624225000
775 624225000 624275000
776 624275000 624325000
777 624325000 624375000
778 624375000 624425000
779 624425000 624475000
780 624475000 624525000
781 624525000 624575000
782 624575000 624625000
783 624625000 624675000
784 624675000 624725000
785 624725000 624775000
786 624775000 624825000
787 624825000 624875000
788 624875000 624925000
789 624925000 624975000
790 624975000 625025000
791 625025000 625075000
792 625075000 625125000
793 625125000 625175000
794 625175000 625225000
795 625225000 625275000
796 625275000 625325000
797 625325000 625375000
798 625375000 625425000
799 625425000 625475000
800 625475000 625525000
801 625525000 625575000
802 625575000 625625000
803 625625000 625675000
804 625675000 625725000
805 625725000 625775000
806 625775000 625825000
807 625825000 625875000
808 625875000 625925000
809 625925000 625975000
810 625975000 626025000
811 626025000 626075000
812 626075000 626125000
813 626125000 626175000
814 626175000 626225000
815 626225000 626275000
816 626275000 626325000
817 626325000 626375000
818 626375000 626425000
819 626425000 626475000
820 626475000 626525000
821 626525000 626575000
822 626575000 626625000
823 626625000 626675000
824 626675000 626725000
825 626725000 626775000
826 626775000 626825000
827 626825000 626875000
828 626875000 626925000
829 626925000 626975000
830 626975000 627025000
831 627025000 627075000
832 627075000 627125000
833 627125000 627175000
834 627175000 627225000
835 627225000 627275000
836 627275000 627325000
837 627325000 627375000
838 627375000 627425000
839 627425000 627475000
840 627475000 627525000
841 627525000 627575000
842 627575000 627625000
843 627625000 627675000
844 627675000 627725000
845 627725000 627775000
846 627775000 627825000
847 627825000 627875000
848 627875000 627925000
849 627925000 627975000
850 627975000 628025000
851 628025000 628075000
852 628075000 628125000
853 628125000 628175000
854 628175000 628225000
855 628225000 628275000
856 628275000 628325000
857 628325000 628375000
858 628375000 628425000
859 628425000 628475000
860 628475000 628525000
861 628525000 628575000
862 628575000 628625000
863 628625000 628675000
864 628675000 628725000
865 628725000 628775000
866 628775000 628825000
867 628825000 628875000
868 628875000 628925000
869 628925000 628975000
870 628975000 629025000
871 629025000 629075000
872 629075000 629125000
873 629125000 629175000
874 629175000 629225000
875 629225000 629275000
876 629275000 629325000
877 629325000 629375000
878 629375000 629425000
879 629425000 629475000
880 629475000 629525000
881 629525000 629575000
882 629575000 629625000
883 629625000 629675000
884 629675000 629725000
885 629725000 629775000
886 629775000 629825000
887 629825000 629875000
888 629875000 629925000
889 629925000 629975000
890 629975000 630025000
891 630025000 630075000
892 630075000 630125000
893 630125000 630175000
894 630175000 630225000
895 630225000 630275000
896 630275000 630325000
897 630325000 630375000
898 630375000 630425000
899 630425000 630475000
900 630475000 630525000
901 630525000 630575000
902 630575000 630625000
903 630625000 630675000
904 630675000 630725000
905 630725000 630775000
906 630775000 630825000
907 630825000 630875000
908 630875000 630925000
909 630925000 630975000
910 630975000 631025000
911 631025000 631075000
912 631075000 631125000
913 631125000 631175000
914 631175000 631225000
915 631225000 631275000
916 631275000 631325000
917 631325000 631375000
918 631375000 631425000
919 631425000 631475000
920 631475000 631525000
921 631525000 631575000
922 631575000 631625000
923 631625000 631675000
924 631675000 631725000
925 631725000 631775000
926 631775000 631825000
927 631825000 631875000
928 631875000 631925000
929 631925000 631975000
930 631975000 632025000
931 632025000 632075000
932 632075000 632125000
933 632125000 632175000
934 632175000 632225000
935 632225000 632275000
936 632275000 632325000
937 632325000 632375000
938 632375000 632425000
939 632425000 632475000
940 632475000 632525000
941 632525000 632575000
942 632575000 632625000
943 632625000 632675000
944 632675000 632725000
945 632725000 632775000
946 632775000 632825000
947 632825000 632875000
948 632875000 632925000
949 632925000 632975000
950 632975000 633025000
951 633025000 633075000
952 633075000 633125000
953 633125000 633175000
954 633175000 633225000
955 633225000 633275000
956 633275000 633325000
957 633325000 633375000
958 633375000 633425000
959 633425000 633475000
960 633475000 633525000
961 633525000 633575000
962 633575000 633625000
963 633625000 633675000
964 633675000 633725000
965 633725000 633775000
966 633775000 633825000
967 633825000 633875000
968 633875000 633925000
969 633925000 633975000
970 633975000 634025000
971 634025000 634075000
972 634075000 634125000
973 634125000 634175000
974 634175000 634225000
975 634225000 634275000
976 634275000 634325000
977 634325000 634375000
978 634375000 634425000
979 634425000 634475000
980 634475000 634525000
981 634525000 634575000
982 634575000 634625000
983 634625000 634675000
984 634675000 634725000
985 634725000 634775000
986 634775000 634825000
987 634825000 634875000
988 634875000 634925000
989 634925000 634975000
990 634975000 635025000
991 635025000 635075000
992 635075000 635125000
993 635125000 635175000
994 635175000 635225000
995 635225000 635275000
996 635275000 635325000
997 635325000 635375000
998 635375000 635425000
999 635425000 635475000
1000 635475000 635525000
1001 635525000 635575000
1002 635575000 635625000
1003 635625000 635675000
1004 635675000 635725000
1005 635725000 635775000
1006 635775000 635825000
1007 635825000 635875000
1008 635875000 635925000
1009 635925000 635975000
1010 635975000 636025000
1011 636025000 636075000
1012 636075000 636125000
1013 636125000 636175000
1014 636175000 636225000
1015 636225000 636275000
1016 636275000 636325000
1017 636325000 636375000
1018 636375000 636425000
1019 636425000 636475000
1020 636475000 636525000
1021 636525000 636575000
1022 636575000 636625000
1023 636625000 636675000
1024 636675000 636725000
1025 636725000 636775000
1026 636775000 636825000
1027 636825000 636875000
1028 636875000 636925000
1029 636925000 636975000
1030 636975000 637025000
1031 637025000 637075000
1032 637075000 637125000
1033 637125000 637175000
1034 637175000 637225000
1035 637225000 637275000
1036 637275000 637325000
1037 637325000 637375000
1038 637375000 637425000
1039 637425000 637475000
1040 637475000 637525000
1041 637525000 637575000
1042 637575000 637625000
1043 637625000 637675000
1044 637675000 637725000
1045 637725000 637775000
1046 637775000 637825000
1047 637825000 637875000
1048 637875000 637925000
1049 637925000 637975000
1050 637975000 638025000
1051 638025000 638075000
1052 638075000 638125000
1053 638125000 638175000
1054 638175000 638225000
1055 638225000 638275000
1056 638275000 638325000
1057 638325000 638375000
1058 638375000 638425000
1059 638425000 638475000
1060 638475000 638525000
1061 638525000 638575000
1062 638575000 638625000
1063 638625000 638675000
1064 638675000 638725000
1065 638725000 638775000
1066 638775000 638825000
1067 638825000 638875000
1068 638875000 638925000
1069 638925000 638975000
1070 638975000 639025000
1071 639025000 639075000
1072 639075000 639125000
1073 639125000 639175000
1074 639175000 639225000
1075 639225000 639275000
1076 639275000 639325000
1077 639325000 639375000
1078 639375000 639425000
1079 639425000 639475000
1080 639475000 639525000
1081 639525000 639575000
1082 639575000 639625000
1083 639625000 639675000
1084 639675000 639725000
1085 639725000 639775000
1086 639775000 639825000
1087 639825000 639875000
1088 639875000 639925000
1089 639925000 639975000
1090 639975000 640025000
1091 640025000 640075000
1092 640075000 640125000
1093 640125000 640175000
1094 640175000 640225000
1095 640225000 640275000
1096 640275000 640325000
1097 640325000 640375000
1098 640375000 640425000
1099 640425000 640475000
1100 640475000 640525000
1101 640525000 640575000
1102 640575000 640625000
1103 640625000 640675000
1104 640675000 640725000
1105 640725000 640775000
1106 640775000 640825000
1107 640825000 640875000
1108 640875000 640925000
1109 640925000 640975000
1110 640975000 641025000
1111 641025000 641075000
1112 641075000 641125000
1113 641125000 641175000
1114 641175000 641225000
1115 641225000 641275000
1116 641275000 641325000
1117 641325000 641375000
1118 641375000 641425000
1119 641425000 641475000
1120 641475000 641525000
1121 641525000 641575000
1122 641575000 641625000
1123 641625000 641675000
1124 641675000 641725000
1125 641725000 641775000
1126 641775000 641825000
1127 641825000 641875000
1128 641875000 641925000
1129 641925000 641975000
1130 641975000 642025000
1131 642025000 642075000
1132 642075000 642125000
1133 642125000 642175000
1134 642175000 642225000
1135 642225000 642275000
1136 642275000 642325000
1137 642325000 642375000
1138 642375000 642425000
1139 642425000 642475000
1140 642475000 642525000
1141 642525000 642575000
1142 642575000 642625000
1143 642625000 642675000
1144 642675000 642725000
1145 642725000 642775000
1146 642775000 642825000
1147 642825000 642875000
1148 642875000 642925000
1149 642925000 642975000
1150 642975000 643025000
1151 643025000 643075000
1152 643075000 643125000
1153 643125000 643175000
1154 643175000 643225000
1155 643225000 643275000
1156 643275000 643325000
1157 643325000 643375000
1158 643375000 643425000
1159 643425000 643475000
1160 643475000 643525000
1161 643525000 643575000
1162 643575000 643625000
1163 643625000 643675000
1164 643675000 643725000
1165 643725000 643775000
1166 643775000 643825000
1167 643825000 643875000
1168 643875000 643925000
1169 643925000 643975000
1170 643975000 644025000
1171 644025000 644075000
1172 644075000 644125000
1173 644125000 644175000
1174 644175000 644225000
1175 644225000 644275000
1176 644275000 644325000
1177 644325000 644375000
1178 644375000 644425000
1179 644425000 644475000
1180 644475000 644525000
1181 644525000 644575000
1182 644575000 644625000
1183 644625000 644675000
1184 644675000 644725000
1185 644725000 644775000
1186 644775000 644825000
1187 644825000 644875000
1188 644875000 644925000
1189 644925000 644975000
1190 644975000 645025000
1191 645025000 645075000
1192 645075000 645125000
1193 645125000 645175000
1194 645175000 645225000
1195 645225000 645275000
1196 645275000 645325000
1197 645325000 645375000
1198 645375000 645425000
1199 645425000 645475000
1200 645475000 645525000
1201 645525000 645575000
1202 645575000 645625000
1203 645625000 645675000
1204 645675000 645725000
1205 645725000 645775000
1206 645775000 645825000
1207 645825000 645875000
1208 645875000 645925000
1209 645925000 645975000
1210 645975000 646025000
1211 646025000 646075000
1212 646075000 646125000
1213 646125000 646175000
1214 646175000 646225000
1215 646225000 646275000
1216 646275000 646325000
1217 646325000 646375000
1218 646375000 646425000
1219 646425000 646475000
1220 646475000 646525000
1221 646525000 646575000
1222 646575000 646625000
1223 646625000 646675000
1224 646675000 646725000
1225 646725000 646775000
1226 646775000 646825000
1227 646825000 646875000
1228 646875000 646925000
1229 646925000 646975000
1230 646975000 647025000
1231 647025000 647075000
1232 647075000 647125000
1233 647125000 647175000
1234 647175000 647225000
1235 647225000 647275000
1236 647275000 647325000
1237 647325000 647375000
1238 647375000 647425000
1239 647425000 647475000
1240 647475000 647525000
1241 647525000 647575000
1242 647575000 647625000
1243 647625000 647675000
1244 647675000 647725000
1245 647725000 647775000
1246 647775000 647825000
1247 647825000 647875000
1248 647875000 647925000
1249 647925000 647975000
1250 647975000 648025000
1251 648025000 648075000
1252 648075000 648125000
1253 648125000 648175000
1254 648175000 648225000
1255 648225000 648275000
1256 648275000 648325000
1257 648325000 648375000
1258 648375000 648425000
1259 648425000 648475000
1260 648475000 648525000
1261 648525000 648575000
1262 648575000 648625000
1263 648625000 648675000
1264 648675000 648725000
1265 648725000 648775000
1266 648775000 648825000
1267 648825000 648875000
1268 648875000 648925000
1269 648925000 648975000
1270 648975000 649025000
1271 649025000 649075000
1272 649075000 649125000
1273 649125000 649175000
1274 649175000 649225000
1275 649225000 649275000
1276 649275000 649325000
1277 649325000 649375000
1278 649375000 649425000
1279 649425000 649475000
1280 649475000 649525000
1281 649525000 649575000
1282 649575000 649625000
1283 649625000 649675000
1284 649675000 649725000
1285 649725000 649775000
1286 649775000 649825000
1287 649825000 649875000
1288 649875000 649925000
1289 649925000 649975000
1290 649975000 650025000
1291 650025000 650075000
1292 650075000 650125000
1293 650125000 650175000
1294 650175000 650225000
1295 650225000 650275000
1296 650275000 650325000
1297 650325000 650375000
1298 650375000 650425000
1299 650425000 650475000
1300 650475000 650525000
1301 650525000 650575000
1302 650575000 650625000
1303 650625000 650675000
1304 650675000 650725000
1305 650725000 650775000
1306 650775000 650825000
1307 650825000 650875000
1308 650875000 650925000
1309 650925000 650975000
1310 650975000 651025000
1311 651025000 651075000
1312 651075000 651125000
1313 651125000 651175000
1314 651175000 651225000
1315 651225000 651275000
1316 651275000 651325000
1317 651325000 651375000
1318 651375000 651425000
1319 651425000 651475000
1320 651475000 651525000
1321 651525000 651575000
1322 651575000 651625000
1323 651625000 651675000
1324 651675000 651725000
1325 651725000 651775000
1326 651775000 651825000
1327 651825000 651875000
1328 651875000 651925000
1329 651925000 651975000
1330 651975000 652025000
1331 652025000 652075000
1332 652075000 652125000
1333 652125000 652175000
1334 652175000 652225000
1335 652225000 652275000
1336 652275000 652325000
1337 652325000 652375000
1338 652375000 652425000
1339 652425000 652475000
1340 652475000 652525000
1341 652525000 652575000
1342 652575000 652625000
1343 652625000 652675000
1344 652675000 652725000
1345 652725000 652775000
1346 652775000 652825000
1347 652825000 652875000
1348 652875000 652925000
1349 652925000 652975000
1350 652975000 653025000
1351 653025000 653075000
1352 653075000 653125000
1353 653125000 653175000
1354 653175000 653225000
1355 653225000 653275000
1356 653275000 653325000
1357 653325000 653375000
1358 653375000 653425000
1359 653425000 653475000
1360 653475000 653525000
1361 653525000 653575000
1362 653575000 653625000
1363 653625000 653675000
1364 653675000 653725000
1365 653725000 653775000
1366 653775000 653825000
1367 653825000 653875000
1368 653875000 653925000
1369 653925000 653975000
1370 653975000 654025000
1371 654025000 654075000
1372 654075000 654125000
1373 654125000 654175000
1374 654175000 654225000
1375 654225000 654275000
1376 654275000 654325000
1377 654325000 654375000
1378 654375000 654425000
1379 654425000 654475000
1380 654475000 654525000
1381 654525000 654575000
1382 654575000 654625000
1383 654625000 654675000
1384 654675000 654725000
1385 654725000 654775000
1386 654775000 654825000
1387 654825000 654875000
1388 654875000 654925000
1389 654925000 654975000
1390 654975000 655025000
1391 655025000 655075000
1392 655075000 655125000
1393 655125000 655175000
1394 655175000 655225000
1395 655225000 655275000
1396 655275000 655325000
1397 655325000 655375000
1398 655375000 655425000
1399 655425000 655475000
1400 655475000 655525000
1401 655525000 655575000
1402 655575000 655625000
1403 655625000 655675000
1404 655675000 655725000
1405 655725000 655775000
1406 655775000 655825000
1407 655825000 655875000
1408 655875000 655925000
1409 655925000 655975000
1410 655975000 656025000
1411 656025000 656075000
1412 656075000 656125000
1413 656125000 656175000
1414 656175000 656225000
1415 656225000 656275000
1416 656275000 656325000
1417 656325000 656375000
1418 656375000 656425000
1419 656425000 656475000
1420 656475000 656525000
1421 656525000 656575000
1422 656575000 656625000
1423 656625000 656675000
1424 656675000 656725000
1425 656725000 656775000
1426 656775000 656825000
1427 656825000 656875000
1428 656875000 656925000
1429 656925000 656975000
1430 656975000 657025000
1431 657025000 657075000
1432 657075000 657125000
1433 657125000 657175000
1434 657175000 657225000
1435 657225000 657275000
1436 657275000 657325000
1437 657325000 657375000
1438 657375000 657425000
1439 657425000 657475000
1440 657475000 657525000
1441 657525000 657575000
1442 657575000 657625000
1443 657625000 657675000
1444 657675000 657725000
1445 657725000 657775000
1446 657775000 657825000
1447 657825000 657875000
1448 657875000 657925000
1449 657925000 657975000
1450 657975000 658025000
1451 658025000 658075000
1452 658075000 658125000
1453 658125000 658175000
1454 658175000 658225000
1455 658225000 658275000
1456 658275000 658325000
1457 658325000 658375000
1458 658375000 658425000
1459 658425000 658475000
1460 658475000 658525000
1461 658525000 658575000
1462 658575000 658625000
1463 658625000 658675000
1464 658675000 658725000
1465 658725000 658775000
1466 658775000 658825000
1467 658825000 658875000
1468 658875000 658925000
1469 658925000 658975000
1470 658975000 659025000
1471 659025000 659075000
1472 659075000 659125000
1473 659125000 659175000
1474 659175000 659225000
1475 659225000 659275000
1476 659275000 659325000
1477 659325000 659375000
1478 659375000 659425000
1479 659425000 659475000
1480 659475000 659525000
1481 659525000 659575000
1482 659575000 659625000
1483 659625000 659675000
1484 659675000 659725000
1485 659725000 659775000
1486 659775000 659825000
1487 659825000 659875000
1488 659875000 659925000
1489 659925000 659975000
1490 659975000 660025000
1491 660025000 660075000
1492 660075000 660125000
1493 660125000 660175000
1494 660175000 660225000
1495 660225000 660275000
1496 660275000 660325000
1497 660325000 660375000
1498 660375000 660425000
1499 660425000 660475000
1500 660475000 660525000
1501 660525000 660575000
1502 660575000 660625000
1503 660625000 660675000
1504 660675000 660725000
1505 660725000 660775000
1506 660775000 660825000
1507 660825000 660875000
1508 660875000 660925000
1509 660925000 660975000
1510 660975000 661025000
1511 661025000 661075000
1512 661075000 661125000
1513 661125000 661175000
1514 661175000 661225000
1515 661225000 661275000
1516 661275000 661325000
1517 661325000 661375000
1518 661375000 661425000
1519 661425000 661475000
1520 661475000 661525000
1521 661525000 661575000
1522 661575000 661625000
1523 661625000 661675000
1524 661675000 661725000
1525 661725000 661775000
1526 661775000 661825000
1527 661825000 661875000
1528 661875000 661925000
1529 661925000 661975000
1530 661975000 662025000
1531 662025000 662075000
1532 662075000 662125000
1533 662125000 662175000
1534 662175000 662225000
1535 662225000 662275000
1536 662275000 662325000
1537 662325000 662375000
1538 662375000 662425000
1539 662425000 662475000
1540 662475000 662525000
1541 662525000 662575000
1542 662575000 662625000
1543 662625000 662675000
1544 662675000 662725000
1545 662725000 662775000
1546 662775000 662825000
1547 662825000 662875000
1548 662875000 662925000
1549 662925000 662975000
1550 662975000 663025000
1551 663025000 663075000
1552 663075000 663125000
1553 663125000 663175000
1554 663175000 663225000
1555 663225000 663275000
1556 663275000 663325000
