Cycle,StartTime,EndTime
0 585475000 585525000
1 585525000 585575000
2 585575000 585625000
3 585625000 585675000
4 585675000 585725000
5 585725000 585775000
6 585775000 585825000
7 585825000 585875000
8 585875000 585925000
9 585925000 585975000
10 585975000 586025000
11 586025000 586075000
12 586075000 586125000
13 586125000 586175000
14 586175000 586225000
15 586225000 586275000
16 586275000 586325000
17 586325000 586375000
18 586375000 586425000
19 586425000 586475000
20 586475000 586525000
21 586525000 586575000
22 586575000 586625000
23 586625000 586675000
24 586675000 586725000
25 586725000 586775000
26 586775000 586825000
27 586825000 586875000
28 586875000 586925000
29 586925000 586975000
30 586975000 587025000
31 587025000 587075000
32 587075000 587125000
33 587125000 587175000
34 587175000 587225000
35 587225000 587275000
36 587275000 587325000
37 587325000 587375000
38 587375000 587425000
39 587425000 587475000
40 587475000 587525000
41 587525000 587575000
42 587575000 587625000
43 587625000 587675000
44 587675000 587725000
45 587725000 587775000
46 587775000 587825000
47 587825000 587875000
48 587875000 587925000
49 587925000 587975000
50 587975000 588025000
51 588025000 588075000
52 588075000 588125000
53 588125000 588175000
54 588175000 588225000
55 588225000 588275000
56 588275000 588325000
57 588325000 588375000
58 588375000 588425000
59 588425000 588475000
60 588475000 588525000
61 588525000 588575000
62 588575000 588625000
63 588625000 588675000
64 588675000 588725000
65 588725000 588775000
66 588775000 588825000
67 588825000 588875000
68 588875000 588925000
69 588925000 588975000
70 588975000 589025000
71 589025000 589075000
72 589075000 589125000
73 589125000 589175000
74 589175000 589225000
75 589225000 589275000
76 589275000 589325000
77 589325000 589375000
78 589375000 589425000
79 589425000 589475000
80 589475000 589525000
81 589525000 589575000
82 589575000 589625000
83 589625000 589675000
84 589675000 589725000
85 589725000 589775000
86 589775000 589825000
87 589825000 589875000
88 589875000 589925000
89 589925000 589975000
90 589975000 590025000
91 590025000 590075000
92 590075000 590125000
93 590125000 590175000
94 590175000 590225000
95 590225000 590275000
96 590275000 590325000
97 590325000 590375000
98 590375000 590425000
99 590425000 590475000
100 590475000 590525000
101 590525000 590575000
102 590575000 590625000
103 590625000 590675000
104 590675000 590725000
105 590725000 590775000
106 590775000 590825000
107 590825000 590875000
108 590875000 590925000
109 590925000 590975000
110 590975000 591025000
111 591025000 591075000
112 591075000 591125000
113 591125000 591175000
114 591175000 591225000
115 591225000 591275000
116 591275000 591325000
117 591325000 591375000
118 591375000 591425000
119 591425000 591475000
120 591475000 591525000
121 591525000 591575000
122 591575000 591625000
123 591625000 591675000
124 591675000 591725000
125 591725000 591775000
126 591775000 591825000
127 591825000 591875000
128 591875000 591925000
129 591925000 591975000
130 591975000 592025000
131 592025000 592075000
132 592075000 592125000
133 592125000 592175000
134 592175000 592225000
135 592225000 592275000
136 592275000 592325000
137 592325000 592375000
138 592375000 592425000
139 592425000 592475000
140 592475000 592525000
141 592525000 592575000
142 592575000 592625000
143 592625000 592675000
144 592675000 592725000
145 592725000 592775000
146 592775000 592825000
147 592825000 592875000
148 592875000 592925000
149 592925000 592975000
150 592975000 593025000
151 593025000 593075000
152 593075000 593125000
153 593125000 593175000
154 593175000 593225000
155 593225000 593275000
156 593275000 593325000
157 593325000 593375000
158 593375000 593425000
159 593425000 593475000
160 593475000 593525000
161 593525000 593575000
162 593575000 593625000
163 593625000 593675000
164 593675000 593725000
165 593725000 593775000
166 593775000 593825000
167 593825000 593875000
168 593875000 593925000
169 593925000 593975000
170 593975000 594025000
171 594025000 594075000
172 594075000 594125000
173 594125000 594175000
174 594175000 594225000
175 594225000 594275000
176 594275000 594325000
177 594325000 594375000
178 594375000 594425000
179 594425000 594475000
180 594475000 594525000
181 594525000 594575000
182 594575000 594625000
183 594625000 594675000
184 594675000 594725000
185 594725000 594775000
186 594775000 594825000
187 594825000 594875000
188 594875000 594925000
189 594925000 594975000
190 594975000 595025000
191 595025000 595075000
192 595075000 595125000
193 595125000 595175000
194 595175000 595225000
195 595225000 595275000
196 595275000 595325000
197 595325000 595375000
198 595375000 595425000
199 595425000 595475000
200 595475000 595525000
201 595525000 595575000
202 595575000 595625000
203 595625000 595675000
204 595675000 595725000
205 595725000 595775000
206 595775000 595825000
207 595825000 595875000
208 595875000 595925000
209 595925000 595975000
210 595975000 596025000
211 596025000 596075000
212 596075000 596125000
213 596125000 596175000
214 596175000 596225000
215 596225000 596275000
216 596275000 596325000
217 596325000 596375000
218 596375000 596425000
219 596425000 596475000
220 596475000 596525000
221 596525000 596575000
222 596575000 596625000
223 596625000 596675000
224 596675000 596725000
225 596725000 596775000
226 596775000 596825000
227 596825000 596875000
228 596875000 596925000
229 596925000 596975000
230 596975000 597025000
231 597025000 597075000
232 597075000 597125000
233 597125000 597175000
234 597175000 597225000
235 597225000 597275000
236 597275000 597325000
237 597325000 597375000
238 597375000 597425000
239 597425000 597475000
240 597475000 597525000
241 597525000 597575000
242 597575000 597625000
243 597625000 597675000
244 597675000 597725000
245 597725000 597775000
246 597775000 597825000
247 597825000 597875000
248 597875000 597925000
249 597925000 597975000
250 597975000 598025000
251 598025000 598075000
252 598075000 598125000
253 598125000 598175000
254 598175000 598225000
255 598225000 598275000
256 598275000 598325000
257 598325000 598375000
258 598375000 598425000
259 598425000 598475000
260 598475000 598525000
261 598525000 598575000
262 598575000 598625000
263 598625000 598675000
264 598675000 598725000
265 598725000 598775000
266 598775000 598825000
267 598825000 598875000
268 598875000 598925000
269 598925000 598975000
270 598975000 599025000
271 599025000 599075000
272 599075000 599125000
273 599125000 599175000
274 599175000 599225000
275 599225000 599275000
276 599275000 599325000
277 599325000 599375000
278 599375000 599425000
279 599425000 599475000
280 599475000 599525000
281 599525000 599575000
282 599575000 599625000
283 599625000 599675000
284 599675000 599725000
285 599725000 599775000
286 599775000 599825000
287 599825000 599875000
288 599875000 599925000
289 599925000 599975000
290 599975000 600025000
291 600025000 600075000
292 600075000 600125000
293 600125000 600175000
294 600175000 600225000
295 600225000 600275000
296 600275000 600325000
297 600325000 600375000
298 600375000 600425000
299 600425000 600475000
300 600475000 600525000
301 600525000 600575000
302 600575000 600625000
303 600625000 600675000
304 600675000 600725000
305 600725000 600775000
306 600775000 600825000
307 600825000 600875000
308 600875000 600925000
309 600925000 600975000
310 600975000 601025000
311 601025000 601075000
312 601075000 601125000
313 601125000 601175000
314 601175000 601225000
315 601225000 601275000
316 601275000 601325000
317 601325000 601375000
318 601375000 601425000
319 601425000 601475000
320 601475000 601525000
321 601525000 601575000
322 601575000 601625000
323 601625000 601675000
324 601675000 601725000
325 601725000 601775000
326 601775000 601825000
327 601825000 601875000
328 601875000 601925000
329 601925000 601975000
330 601975000 602025000
331 602025000 602075000
332 602075000 602125000
333 602125000 602175000
334 602175000 602225000
335 602225000 602275000
336 602275000 602325000
337 602325000 602375000
338 602375000 602425000
339 602425000 602475000
340 602475000 602525000
341 602525000 602575000
342 602575000 602625000
343 602625000 602675000
344 602675000 602725000
345 602725000 602775000
346 602775000 602825000
347 602825000 602875000
348 602875000 602925000
349 602925000 602975000
350 602975000 603025000
351 603025000 603075000
352 603075000 603125000
353 603125000 603175000
354 603175000 603225000
355 603225000 603275000
356 603275000 603325000
357 603325000 603375000
358 603375000 603425000
359 603425000 603475000
360 603475000 603525000
361 603525000 603575000
362 603575000 603625000
363 603625000 603675000
364 603675000 603725000
365 603725000 603775000
366 603775000 603825000
367 603825000 603875000
368 603875000 603925000
369 603925000 603975000
370 603975000 604025000
371 604025000 604075000
372 604075000 604125000
373 604125000 604175000
374 604175000 604225000
375 604225000 604275000
376 604275000 604325000
377 604325000 604375000
378 604375000 604425000
379 604425000 604475000
380 604475000 604525000
381 604525000 604575000
382 604575000 604625000
383 604625000 604675000
384 604675000 604725000
385 604725000 604775000
386 604775000 604825000
387 604825000 604875000
388 604875000 604925000
389 604925000 604975000
390 604975000 605025000
391 605025000 605075000
392 605075000 605125000
393 605125000 605175000
394 605175000 605225000
395 605225000 605275000
396 605275000 605325000
397 605325000 605375000
398 605375000 605425000
399 605425000 605475000
400 605475000 605525000
401 605525000 605575000
402 605575000 605625000
403 605625000 605675000
404 605675000 605725000
405 605725000 605775000
406 605775000 605825000
407 605825000 605875000
408 605875000 605925000
409 605925000 605975000
410 605975000 606025000
411 606025000 606075000
412 606075000 606125000
413 606125000 606175000
414 606175000 606225000
415 606225000 606275000
416 606275000 606325000
417 606325000 606375000
418 606375000 606425000
419 606425000 606475000
420 606475000 606525000
421 606525000 606575000
422 606575000 606625000
423 606625000 606675000
424 606675000 606725000
425 606725000 606775000
426 606775000 606825000
427 606825000 606875000
428 606875000 606925000
429 606925000 606975000
430 606975000 607025000
431 607025000 607075000
432 607075000 607125000
433 607125000 607175000
434 607175000 607225000
435 607225000 607275000
436 607275000 607325000
437 607325000 607375000
438 607375000 607425000
439 607425000 607475000
440 607475000 607525000
441 607525000 607575000
442 607575000 607625000
443 607625000 607675000
444 607675000 607725000
445 607725000 607775000
446 607775000 607825000
447 607825000 607875000
448 607875000 607925000
449 607925000 607975000
450 607975000 608025000
451 608025000 608075000
452 608075000 608125000
453 608125000 608175000
454 608175000 608225000
455 608225000 608275000
456 608275000 608325000
457 608325000 608375000
458 608375000 608425000
459 608425000 608475000
460 608475000 608525000
461 608525000 608575000
462 608575000 608625000
463 608625000 608675000
464 608675000 608725000
465 608725000 608775000
466 608775000 608825000
467 608825000 608875000
468 608875000 608925000
469 608925000 608975000
470 608975000 609025000
471 609025000 609075000
472 609075000 609125000
473 609125000 609175000
474 609175000 609225000
475 609225000 609275000
476 609275000 609325000
477 609325000 609375000
478 609375000 609425000
479 609425000 609475000
480 609475000 609525000
481 609525000 609575000
482 609575000 609625000
483 609625000 609675000
484 609675000 609725000
485 609725000 609775000
486 609775000 609825000
487 609825000 609875000
488 609875000 609925000
489 609925000 609975000
490 609975000 610025000
491 610025000 610075000
492 610075000 610125000
493 610125000 610175000
494 610175000 610225000
495 610225000 610275000
496 610275000 610325000
497 610325000 610375000
498 610375000 610425000
499 610425000 610475000
500 610475000 610525000
501 610525000 610575000
502 610575000 610625000
503 610625000 610675000
504 610675000 610725000
505 610725000 610775000
506 610775000 610825000
507 610825000 610875000
508 610875000 610925000
509 610925000 610975000
510 610975000 611025000
511 611025000 611075000
512 611075000 611125000
513 611125000 611175000
514 611175000 611225000
515 611225000 611275000
516 611275000 611325000
517 611325000 611375000
518 611375000 611425000
519 611425000 611475000
520 611475000 611525000
521 611525000 611575000
522 611575000 611625000
523 611625000 611675000
524 611675000 611725000
525 611725000 611775000
526 611775000 611825000
527 611825000 611875000
528 611875000 611925000
529 611925000 611975000
530 611975000 612025000
531 612025000 612075000
532 612075000 612125000
533 612125000 612175000
534 612175000 612225000
535 612225000 612275000
536 612275000 612325000
537 612325000 612375000
538 612375000 612425000
539 612425000 612475000
540 612475000 612525000
541 612525000 612575000
542 612575000 612625000
543 612625000 612675000
544 612675000 612725000
545 612725000 612775000
546 612775000 612825000
547 612825000 612875000
548 612875000 612925000
549 612925000 612975000
550 612975000 613025000
551 613025000 613075000
552 613075000 613125000
553 613125000 613175000
554 613175000 613225000
555 613225000 613275000
556 613275000 613325000
557 613325000 613375000
558 613375000 613425000
559 613425000 613475000
560 613475000 613525000
561 613525000 613575000
562 613575000 613625000
563 613625000 613675000
564 613675000 613725000
565 613725000 613775000
566 613775000 613825000
567 613825000 613875000
568 613875000 613925000
569 613925000 613975000
570 613975000 614025000
571 614025000 614075000
572 614075000 614125000
573 614125000 614175000
574 614175000 614225000
575 614225000 614275000
576 614275000 614325000
577 614325000 614375000
578 614375000 614425000
579 614425000 614475000
580 614475000 614525000
581 614525000 614575000
582 614575000 614625000
583 614625000 614675000
584 614675000 614725000
585 614725000 614775000
586 614775000 614825000
587 614825000 614875000
588 614875000 614925000
589 614925000 614975000
590 614975000 615025000
591 615025000 615075000
592 615075000 615125000
593 615125000 615175000
594 615175000 615225000
595 615225000 615275000
596 615275000 615325000
597 615325000 615375000
598 615375000 615425000
599 615425000 615475000
600 615475000 615525000
601 615525000 615575000
602 615575000 615625000
603 615625000 615675000
604 615675000 615725000
605 615725000 615775000
606 615775000 615825000
607 615825000 615875000
608 615875000 615925000
609 615925000 615975000
610 615975000 616025000
611 616025000 616075000
612 616075000 616125000
613 616125000 616175000
614 616175000 616225000
615 616225000 616275000
616 616275000 616325000
617 616325000 616375000
618 616375000 616425000
619 616425000 616475000
620 616475000 616525000
621 616525000 616575000
622 616575000 616625000
623 616625000 616675000
624 616675000 616725000
625 616725000 616775000
626 616775000 616825000
627 616825000 616875000
628 616875000 616925000
629 616925000 616975000
630 616975000 617025000
631 617025000 617075000
632 617075000 617125000
633 617125000 617175000
634 617175000 617225000
635 617225000 617275000
636 617275000 617325000
637 617325000 617375000
638 617375000 617425000
639 617425000 617475000
640 617475000 617525000
641 617525000 617575000
642 617575000 617625000
643 617625000 617675000
644 617675000 617725000
645 617725000 617775000
646 617775000 617825000
647 617825000 617875000
648 617875000 617925000
649 617925000 617975000
650 617975000 618025000
651 618025000 618075000
652 618075000 618125000
653 618125000 618175000
654 618175000 618225000
655 618225000 618275000
656 618275000 618325000
657 618325000 618375000
658 618375000 618425000
659 618425000 618475000
660 618475000 618525000
661 618525000 618575000
662 618575000 618625000
663 618625000 618675000
664 618675000 618725000
665 618725000 618775000
666 618775000 618825000
667 618825000 618875000
668 618875000 618925000
669 618925000 618975000
670 618975000 619025000
671 619025000 619075000
672 619075000 619125000
673 619125000 619175000
674 619175000 619225000
675 619225000 619275000
676 619275000 619325000
677 619325000 619375000
678 619375000 619425000
679 619425000 619475000
680 619475000 619525000
681 619525000 619575000
682 619575000 619625000
683 619625000 619675000
684 619675000 619725000
685 619725000 619775000
686 619775000 619825000
687 619825000 619875000
688 619875000 619925000
689 619925000 619975000
690 619975000 620025000
691 620025000 620075000
692 620075000 620125000
693 620125000 620175000
694 620175000 620225000
695 620225000 620275000
696 620275000 620325000
697 620325000 620375000
698 620375000 620425000
699 620425000 620475000
700 620475000 620525000
701 620525000 620575000
702 620575000 620625000
703 620625000 620675000
704 620675000 620725000
705 620725000 620775000
706 620775000 620825000
707 620825000 620875000
708 620875000 620925000
709 620925000 620975000
710 620975000 621025000
711 621025000 621075000
712 621075000 621125000
713 621125000 621175000
714 621175000 621225000
715 621225000 621275000
716 621275000 621325000
717 621325000 621375000
718 621375000 621425000
719 621425000 621475000
720 621475000 621525000
721 621525000 621575000
722 621575000 621625000
723 621625000 621675000
724 621675000 621725000
725 621725000 621775000
726 621775000 621825000
727 621825000 621875000
728 621875000 621925000
729 621925000 621975000
730 621975000 622025000
731 622025000 622075000
732 622075000 622125000
733 622125000 622175000
734 622175000 622225000
735 622225000 622275000
736 622275000 622325000
737 622325000 622375000
738 622375000 622425000
739 622425000 622475000
740 622475000 622525000
741 622525000 622575000
742 622575000 622625000
743 622625000 622675000
744 622675000 622725000
745 622725000 622775000
746 622775000 622825000
747 622825000 622875000
748 622875000 622925000
749 622925000 622975000
750 622975000 623025000
751 623025000 623075000
752 623075000 623125000
753 623125000 623175000
754 623175000 623225000
755 623225000 623275000
756 623275000 623325000
757 623325000 623375000
758 623375000 623425000
759 623425000 623475000
760 623475000 623525000
761 623525000 623575000
762 623575000 623625000
763 623625000 623675000
764 623675000 623725000
765 623725000 623775000
766 623775000 623825000
767 623825000 623875000
768 623875000 623925000
769 623925000 623975000
770 623975000 624025000
771 624025000 624075000
772 624075000 624125000
773 624125000 624175000
774 624175000 624225000
775 624225000 624275000
776 624275000 624325000
777 624325000 624375000
778 624375000 624425000
779 624425000 624475000
780 624475000 624525000
781 624525000 624575000
782 624575000 624625000
783 624625000 624675000
784 624675000 624725000
785 624725000 624775000
786 624775000 624825000
787 624825000 624875000
788 624875000 624925000
789 624925000 624975000
790 624975000 625025000
791 625025000 625075000
792 625075000 625125000
793 625125000 625175000
794 625175000 625225000
795 625225000 625275000
796 625275000 625325000
797 625325000 625375000
798 625375000 625425000
799 625425000 625475000
800 625475000 625525000
801 625525000 625575000
802 625575000 625625000
803 625625000 625675000
804 625675000 625725000
805 625725000 625775000
806 625775000 625825000
807 625825000 625875000
808 625875000 625925000
809 625925000 625975000
810 625975000 626025000
811 626025000 626075000
812 626075000 626125000
813 626125000 626175000
814 626175000 626225000
815 626225000 626275000
816 626275000 626325000
817 626325000 626375000
818 626375000 626425000
819 626425000 626475000
820 626475000 626525000
821 626525000 626575000
822 626575000 626625000
823 626625000 626675000
824 626675000 626725000
825 626725000 626775000
826 626775000 626825000
827 626825000 626875000
828 626875000 626925000
829 626925000 626975000
830 626975000 627025000
831 627025000 627075000
832 627075000 627125000
833 627125000 627175000
834 627175000 627225000
835 627225000 627275000
836 627275000 627325000
837 627325000 627375000
838 627375000 627425000
839 627425000 627475000
840 627475000 627525000
841 627525000 627575000
842 627575000 627625000
843 627625000 627675000
844 627675000 627725000
845 627725000 627775000
846 627775000 627825000
847 627825000 627875000
848 627875000 627925000
849 627925000 627975000
850 627975000 628025000
851 628025000 628075000
852 628075000 628125000
853 628125000 628175000
854 628175000 628225000
855 628225000 628275000
856 628275000 628325000
857 628325000 628375000
858 628375000 628425000
859 628425000 628475000
860 628475000 628525000
