Cycle,StartTime,EndTime
0 7425000 7475000
1 7475000 7525000
2 7525000 7575000
3 7575000 7625000
4 7625000 7675000
5 7675000 7725000
6 7725000 7775000
7 7775000 7825000
8 7825000 7875000
9 7875000 7925000
10 7925000 7975000
11 7975000 8025000
12 8025000 8075000
13 8075000 8125000
14 8125000 8175000
15 8175000 8225000
16 8225000 8275000
17 8275000 8325000
18 8325000 8375000
19 8375000 8425000
20 8425000 8475000
21 8475000 8525000
22 8525000 8575000
23 8575000 8625000
24 8625000 8675000
25 8675000 8725000
26 8725000 8775000
27 8775000 8825000
28 8825000 8875000
29 8875000 8925000
30 8925000 8975000
31 8975000 9025000
32 9025000 9075000
33 9075000 9125000
34 9125000 9175000
35 9175000 9225000
36 9225000 9275000
37 9275000 9325000
38 9325000 9375000
39 9375000 9425000
40 9425000 9475000
41 9475000 9525000
42 9525000 9575000
43 9575000 9625000
44 9625000 9675000
45 9675000 9725000
46 9725000 9775000
47 9775000 9825000
48 9825000 9875000
49 9875000 9925000
50 9925000 9975000
51 9975000 10025000
52 10025000 10075000
53 10075000 10125000
54 10125000 10175000
55 10175000 10225000
56 10225000 10275000
57 10275000 10325000
58 10325000 10375000
59 10375000 10425000
60 10425000 10475000
61 10475000 10525000
62 10525000 10575000
63 10575000 10625000
64 10625000 10675000
65 10675000 10725000
66 10725000 10775000
67 10775000 10825000
68 10825000 10875000
69 10875000 10925000
70 10925000 10975000
71 10975000 11025000
72 11025000 11075000
73 11075000 11125000
74 11125000 11175000
75 11175000 11225000
76 11225000 11275000
77 11275000 11325000
78 11325000 11375000
79 11375000 11425000
80 11425000 11475000
81 11475000 11525000
82 11525000 11575000
83 11575000 11625000
84 11625000 11675000
85 11675000 11725000
86 11725000 11775000
87 11775000 11825000
88 11825000 11875000
89 11875000 11925000
90 11925000 11975000
91 11975000 12025000
92 12025000 12075000
