Cycle,StartTime,EndTime
0 4647901060 4647925060
1 4647925060 4647949060
2 4647949060 4647973060
3 4647973060 4647997060
4 4647997060 4648021060
5 4648021060 4648045060
6 4648045060 4648069060
7 4648069060 4648093060
8 4648093060 4648117060
9 4648117060 4648141060
10 4648141060 4648165060
11 4648165060 4648189060
12 4648189060 4648213060
13 4648213060 4648237060
14 4648237060 4648261060
15 4648261060 4648285060
16 4648285060 4648309060
17 4648309060 4648333060
18 4648333060 4648357060
19 4648357060 4648381060
20 4648381060 4648405060
21 4648405060 4648429060
22 4648429060 4648453060
23 4648453060 4648477060
24 4648477060 4648501060
25 4648501060 4648525060
26 4648525060 4648549060
27 4648549060 4648573060
28 4648573060 4648597060
29 4648597060 4648621060
30 4648621060 4648645060
31 4648645060 4648669060
32 4648669060 4648693060
33 4648693060 4648717060
34 4648717060 4648741060
35 4648741060 4648765060
36 4648765060 4648789060
37 4648789060 4648813060
38 4648813060 4648837060
39 4648837060 4648861060
40 4648861060 4648885060
41 4648885060 4648909060
42 4648909060 4648933060
43 4648933060 4648957060
44 4648957060 4648981060
45 4648981060 4649005060
46 4649005060 4649029060
47 4649029060 4649053060
48 4649053060 4649077060
49 4649077060 4649101060
50 4649101060 4649125060
51 4649125060 4649149060
52 4649149060 4649173060
53 4649173060 4649197060
54 4649197060 4649221060
55 4649221060 4649245060
56 4649245060 4649269060
57 4649269060 4649293060
58 4649293060 4649317060
59 4649317060 4649341060
60 4649341060 4649365060
61 4649365060 4649389060
62 4649389060 4649413060
63 4649413060 4649437060
64 4649437060 4649461060
65 4649461060 4649485060
66 4649485060 4649509060
67 4649509060 4649533060
68 4649533060 4649557060
69 4649557060 4649581060
70 4649581060 4649605060
71 4649605060 4649629060
72 4649629060 4649653060
73 4649653060 4649677060
74 4649677060 4649701060
75 4649701060 4649725060
76 4649725060 4649749060
77 4649749060 4649773060
78 4649773060 4649797060
79 4649797060 4649821060
80 4649821060 4649845060
81 4649845060 4649869060
82 4649869060 4649893060
83 4649893060 4649917060
84 4649917060 4649941060
85 4649941060 4649965060
86 4649965060 4649989060
87 4649989060 4650013060
88 4650013060 4650037060
89 4650037060 4650061060
90 4650061060 4650085060
91 4650085060 4650109060
92 4650109060 4650133060
93 4650133060 4650157060
94 4650157060 4650181060
95 4650181060 4650205060
96 4650205060 4650229060
97 4650229060 4650253060
98 4650253060 4650277060
99 4650277060 4650301060
100 4650301060 4650325060
101 4650325060 4650349060
102 4650349060 4650373060
103 4650373060 4650397060
104 4650397060 4650421060
105 4650421060 4650445060
106 4650445060 4650469060
107 4650469060 4650493060
108 4650493060 4650517060
109 4650517060 4650541060
110 4650541060 4650565060
111 4650565060 4650589060
112 4650589060 4650613060
113 4650613060 4650637060
114 4650637060 4650661060
115 4650661060 4650685060
116 4650685060 4650709060
117 4650709060 4650733060
118 4650733060 4650757060
119 4650757060 4650781060
120 4650781060 4650805060
121 4650805060 4650829060
122 4650829060 4650853060
123 4650853060 4650877060
124 4650877060 4650901060
125 4650901060 4650925060
126 4650925060 4650949060
127 4650949060 4650973060
128 4650973060 4650997060
129 4650997060 4651021060
130 4651021060 4651045060
131 4651045060 4651069060
132 4651069060 4651093060
133 4651093060 4651117060
134 4651117060 4651141060
135 4651141060 4651165060
136 4651165060 4651189060
137 4651189060 4651213060
138 4651213060 4651237060
139 4651237060 4651261060
140 4651261060 4651285060
141 4651285060 4651309060
142 4651309060 4651333060
143 4651333060 4651357060
144 4651357060 4651381060
145 4651381060 4651405060
146 4651405060 4651429060
147 4651429060 4651453060
148 4651453060 4651477060
149 4651477060 4651501060
150 4651501060 4651525060
151 4651525060 4651549060
152 4651549060 4651573060
153 4651573060 4651597060
154 4651597060 4651621060
155 4651621060 4651645060
156 4651645060 4651669060
157 4651669060 4651693060
158 4651693060 4651717060
159 4651717060 4651741060
160 4651741060 4651765060
161 4651765060 4651789060
162 4651789060 4651813060
163 4651813060 4651837060
164 4651837060 4651861060
165 4651861060 4651885060
166 4651885060 4651909060
167 4651909060 4651933060
168 4651933060 4651957060
169 4651957060 4651981060
170 4651981060 4652005060
171 4652005060 4652029060
172 4652029060 4652053060
173 4652053060 4652077060
174 4652077060 4652101060
175 4652101060 4652125060
176 4652125060 4652149060
177 4652149060 4652173060
178 4652173060 4652197060
179 4652197060 4652221060
180 4652221060 4652245060
181 4652245060 4652269060
182 4652269060 4652293060
183 4652293060 4652317060
184 4652317060 4652341060
185 4652341060 4652365060
186 4652365060 4652389060
187 4652389060 4652413060
188 4652413060 4652437060
189 4652437060 4652461060
190 4652461060 4652485060
191 4652485060 4652509060
192 4652509060 4652533060
193 4652533060 4652557060
194 4652557060 4652581060
195 4652581060 4652605060
196 4652605060 4652629060
197 4652629060 4652653060
198 4652653060 4652677060
199 4652677060 4652701060
200 4652701060 4652725060
201 4652725060 4652749060
202 4652749060 4652773060
203 4652773060 4652797060
204 4652797060 4652821060
205 4652821060 4652845060
206 4652845060 4652869060
207 4652869060 4652893060
208 4652893060 4652917060
209 4652917060 4652941060
210 4652941060 4652965060
211 4652965060 4652989060
212 4652989060 4653013060
213 4653013060 4653037060
214 4653037060 4653061060
215 4653061060 4653085060
216 4653085060 4653109060
217 4653109060 4653133060
218 4653133060 4653157060
219 4653157060 4653181060
220 4653181060 4653205060
221 4653205060 4653229060
222 4653229060 4653253060
223 4653253060 4653277060
224 4653277060 4653301060
225 4653301060 4653325060
226 4653325060 4653349060
227 4653349060 4653373060
228 4653373060 4653397060
229 4653397060 4653421060
230 4653421060 4653445060
231 4653445060 4653469060
232 4653469060 4653493060
233 4653493060 4653517060
234 4653517060 4653541060
235 4653541060 4653565060
236 4653565060 4653589060
237 4653589060 4653613060
238 4653613060 4653637060
239 4653637060 4653661060
240 4653661060 4653685060
241 4653685060 4653709060
242 4653709060 4653733060
243 4653733060 4653757060
244 4653757060 4653781060
245 4653781060 4653805060
246 4653805060 4653829060
247 4653829060 4653853060
248 4653853060 4653877060
249 4653877060 4653901060
250 4653901060 4653925060
251 4653925060 4653949060
252 4653949060 4653973060
253 4653973060 4653997060
254 4653997060 4654021060
255 4654021060 4654045060
256 4654045060 4654069060
257 4654069060 4654093060
258 4654093060 4654117060
259 4654117060 4654141060
260 4654141060 4654165060
261 4654165060 4654189060
262 4654189060 4654213060
263 4654213060 4654237060
264 4654237060 4654261060
265 4654261060 4654285060
266 4654285060 4654309060
267 4654309060 4654333060
268 4654333060 4654357060
269 4654357060 4654381060
270 4654381060 4654405060
271 4654405060 4654429060
272 4654429060 4654453060
273 4654453060 4654477060
274 4654477060 4654501060
275 4654501060 4654525060
276 4654525060 4654549060
277 4654549060 4654573060
278 4654573060 4654597060
279 4654597060 4654621060
280 4654621060 4654645060
281 4654645060 4654669060
282 4654669060 4654693060
283 4654693060 4654717060
284 4654717060 4654741060
285 4654741060 4654765060
286 4654765060 4654789060
287 4654789060 4654813060
288 4654813060 4654837060
289 4654837060 4654861060
290 4654861060 4654885060
291 4654885060 4654909060
292 4654909060 4654933060
293 4654933060 4654957060
294 4654957060 4654981060
295 4654981060 4655005060
296 4655005060 4655029060
297 4655029060 4655053060
298 4655053060 4655077060
299 4655077060 4655101060
300 4655101060 4655125060
301 4655125060 4655149060
302 4655149060 4655173060
303 4655173060 4655197060
304 4655197060 4655221060
305 4655221060 4655245060
306 4655245060 4655269060
307 4655269060 4655293060
308 4655293060 4655317060
309 4655317060 4655341060
310 4655341060 4655365060
311 4655365060 4655389060
312 4655389060 4655413060
313 4655413060 4655437060
314 4655437060 4655461060
315 4655461060 4655485060
316 4655485060 4655509060
317 4655509060 4655533060
318 4655533060 4655557060
319 4655557060 4655581060
320 4655581060 4655605060
321 4655605060 4655629060
322 4655629060 4655653060
323 4655653060 4655677060
324 4655677060 4655701060
325 4655701060 4655725060
326 4655725060 4655749060
327 4655749060 4655773060
328 4655773060 4655797060
329 4655797060 4655821060
330 4655821060 4655845060
331 4655845060 4655869060
332 4655869060 4655893060
333 4655893060 4655917060
334 4655917060 4655941060
335 4655941060 4655965060
336 4655965060 4655989060
337 4655989060 4656013060
338 4656013060 4656037060
339 4656037060 4656061060
340 4656061060 4656085060
341 4656085060 4656109060
342 4656109060 4656133060
343 4656133060 4656157060
344 4656157060 4656181060
345 4656181060 4656205060
346 4656205060 4656229060
347 4656229060 4656253060
348 4656253060 4656277060
349 4656277060 4656301060
350 4656301060 4656325060
351 4656325060 4656349060
352 4656349060 4656373060
353 4656373060 4656397060
354 4656397060 4656421060
355 4656421060 4656445060
356 4656445060 4656469060
357 4656469060 4656493060
358 4656493060 4656517060
359 4656517060 4656541060
360 4656541060 4656565060
361 4656565060 4656589060
362 4656589060 4656613060
363 4656613060 4656637060
364 4656637060 4656661060
365 4656661060 4656685060
366 4656685060 4656709060
367 4656709060 4656733060
368 4656733060 4656757060
369 4656757060 4656781060
370 4656781060 4656805060
371 4656805060 4656829060
372 4656829060 4656853060
373 4656853060 4656877060
374 4656877060 4656901060
375 4656901060 4656925060
376 4656925060 4656949060
377 4656949060 4656973060
378 4656973060 4656997060
379 4656997060 4657021060
380 4657021060 4657045060
381 4657045060 4657069060
382 4657069060 4657093060
383 4657093060 4657117060
384 4657117060 4657141060
385 4657141060 4657165060
386 4657165060 4657189060
387 4657189060 4657213060
388 4657213060 4657237060
389 4657237060 4657261060
390 4657261060 4657285060
391 4657285060 4657309060
392 4657309060 4657333060
393 4657333060 4657357060
394 4657357060 4657381060
395 4657381060 4657405060
396 4657405060 4657429060
397 4657429060 4657453060
398 4657453060 4657477060
399 4657477060 4657501060
400 4657501060 4657525060
401 4657525060 4657549060
402 4657549060 4657573060
403 4657573060 4657597060
404 4657597060 4657621060
405 4657621060 4657645060
406 4657645060 4657669060
407 4657669060 4657693060
408 4657693060 4657717060
409 4657717060 4657741060
410 4657741060 4657765060
411 4657765060 4657789060
412 4657789060 4657813060
413 4657813060 4657837060
414 4657837060 4657861060
415 4657861060 4657885060
416 4657885060 4657909060
417 4657909060 4657933060
418 4657933060 4657957060
419 4657957060 4657981060
420 4657981060 4658005060
421 4658005060 4658029060
422 4658029060 4658053060
423 4658053060 4658077060
424 4658077060 4658101060
425 4658101060 4658125060
426 4658125060 4658149060
427 4658149060 4658173060
428 4658173060 4658197060
429 4658197060 4658221060
430 4658221060 4658245060
431 4658245060 4658269060
432 4658269060 4658293060
433 4658293060 4658317060
434 4658317060 4658341060
435 4658341060 4658365060
436 4658365060 4658389060
437 4658389060 4658413060
438 4658413060 4658437060
439 4658437060 4658461060
440 4658461060 4658485060
441 4658485060 4658509060
442 4658509060 4658533060
443 4658533060 4658557060
444 4658557060 4658581060
445 4658581060 4658605060
446 4658605060 4658629060
447 4658629060 4658653060
448 4658653060 4658677060
449 4658677060 4658701060
450 4658701060 4658725060
451 4658725060 4658749060
452 4658749060 4658773060
453 4658773060 4658797060
454 4658797060 4658821060
455 4658821060 4658845060
456 4658845060 4658869060
457 4658869060 4658893060
458 4658893060 4658917060
459 4658917060 4658941060
460 4658941060 4658965060
461 4658965060 4658989060
462 4658989060 4659013060
463 4659013060 4659037060
464 4659037060 4659061060
465 4659061060 4659085060
466 4659085060 4659109060
467 4659109060 4659133060
468 4659133060 4659157060
469 4659157060 4659181060
470 4659181060 4659205060
471 4659205060 4659229060
472 4659229060 4659253060
473 4659253060 4659277060
474 4659277060 4659301060
475 4659301060 4659325060
476 4659325060 4659349060
477 4659349060 4659373060
478 4659373060 4659397060
479 4659397060 4659421060
480 4659421060 4659445060
481 4659445060 4659469060
482 4659469060 4659493060
483 4659493060 4659517060
484 4659517060 4659541060
485 4659541060 4659565060
486 4659565060 4659589060
487 4659589060 4659613060
488 4659613060 4659637060
489 4659637060 4659661060
490 4659661060 4659685060
491 4659685060 4659709060
492 4659709060 4659733060
493 4659733060 4659757060
494 4659757060 4659781060
495 4659781060 4659805060
496 4659805060 4659829060
497 4659829060 4659853060
498 4659853060 4659877060
499 4659877060 4659901060
500 4659901060 4659925060
501 4659925060 4659949060
502 4659949060 4659973060
503 4659973060 4659997060
504 4659997060 4660021060
505 4660021060 4660045060
506 4660045060 4660069060
507 4660069060 4660093060
508 4660093060 4660117060
509 4660117060 4660141060
510 4660141060 4660165060
511 4660165060 4660189060
512 4660189060 4660213060
513 4660213060 4660237060
514 4660237060 4660261060
515 4660261060 4660285060
516 4660285060 4660309060
517 4660309060 4660333060
518 4660333060 4660357060
519 4660357060 4660381060
520 4660381060 4660405060
521 4660405060 4660429060
522 4660429060 4660453060
523 4660453060 4660477060
524 4660477060 4660501060
525 4660501060 4660525060
526 4660525060 4660549060
527 4660549060 4660573060
528 4660573060 4660597060
529 4660597060 4660621060
530 4660621060 4660645060
531 4660645060 4660669060
532 4660669060 4660693060
533 4660693060 4660717060
534 4660717060 4660741060
535 4660741060 4660765060
536 4660765060 4660789060
537 4660789060 4660813060
538 4660813060 4660837060
539 4660837060 4660861060
540 4660861060 4660885060
541 4660885060 4660909060
542 4660909060 4660933060
543 4660933060 4660957060
544 4660957060 4660981060
545 4660981060 4661005060
546 4661005060 4661029060
547 4661029060 4661053060
548 4661053060 4661077060
549 4661077060 4661101060
550 4661101060 4661125060
551 4661125060 4661149060
552 4661149060 4661173060
553 4661173060 4661197060
554 4661197060 4661221060
555 4661221060 4661245060
556 4661245060 4661269060
557 4661269060 4661293060
558 4661293060 4661317060
559 4661317060 4661341060
560 4661341060 4661365060
561 4661365060 4661389060
562 4661389060 4661413060
563 4661413060 4661437060
564 4661437060 4661461060
565 4661461060 4661485060
566 4661485060 4661509060
567 4661509060 4661533060
568 4661533060 4661557060
569 4661557060 4661581060
570 4661581060 4661605060
571 4661605060 4661629060
572 4661629060 4661653060
573 4661653060 4661677060
574 4661677060 4661701060
575 4661701060 4661725060
576 4661725060 4661749060
577 4661749060 4661773060
578 4661773060 4661797060
579 4661797060 4661821060
580 4661821060 4661845060
581 4661845060 4661869060
582 4661869060 4661893060
583 4661893060 4661917060
584 4661917060 4661941060
585 4661941060 4661965060
586 4661965060 4661989060
587 4661989060 4662013060
588 4662013060 4662037060
589 4662037060 4662061060
590 4662061060 4662085060
591 4662085060 4662109060
592 4662109060 4662133060
593 4662133060 4662157060
594 4662157060 4662181060
595 4662181060 4662205060
596 4662205060 4662229060
597 4662229060 4662253060
598 4662253060 4662277060
599 4662277060 4662301060
600 4662301060 4662325060
601 4662325060 4662349060
602 4662349060 4662373060
603 4662373060 4662397060
604 4662397060 4662421060
605 4662421060 4662445060
606 4662445060 4662469060
607 4662469060 4662493060
608 4662493060 4662517060
609 4662517060 4662541060
610 4662541060 4662565060
611 4662565060 4662589060
612 4662589060 4662613060
613 4662613060 4662637060
614 4662637060 4662661060
615 4662661060 4662685060
616 4662685060 4662709060
617 4662709060 4662733060
618 4662733060 4662757060
619 4662757060 4662781060
620 4662781060 4662805060
621 4662805060 4662829060
622 4662829060 4662853060
623 4662853060 4662877060
624 4662877060 4662901060
625 4662901060 4662925060
626 4662925060 4662949060
627 4662949060 4662973060
628 4662973060 4662997060
629 4662997060 4663021060
630 4663021060 4663045060
631 4663045060 4663069060
632 4663069060 4663093060
633 4663093060 4663117060
634 4663117060 4663141060
635 4663141060 4663165060
636 4663165060 4663189060
637 4663189060 4663213060
638 4663213060 4663237060
639 4663237060 4663261060
640 4663261060 4663285060
641 4663285060 4663309060
642 4663309060 4663333060
643 4663333060 4663357060
644 4663357060 4663381060
645 4663381060 4663405060
646 4663405060 4663429060
647 4663429060 4663453060
648 4663453060 4663477060
649 4663477060 4663501060
650 4663501060 4663525060
651 4663525060 4663549060
652 4663549060 4663573060
653 4663573060 4663597060
654 4663597060 4663621060
655 4663621060 4663645060
656 4663645060 4663669060
657 4663669060 4663693060
658 4663693060 4663717060
659 4663717060 4663741060
660 4663741060 4663765060
661 4663765060 4663789060
662 4663789060 4663813060
663 4663813060 4663837060
664 4663837060 4663861060
665 4663861060 4663885060
666 4663885060 4663909060
667 4663909060 4663933060
668 4663933060 4663957060
669 4663957060 4663981060
670 4663981060 4664005060
671 4664005060 4664029060
672 4664029060 4664053060
673 4664053060 4664077060
674 4664077060 4664101060
675 4664101060 4664125060
676 4664125060 4664149060
677 4664149060 4664173060
678 4664173060 4664197060
679 4664197060 4664221060
680 4664221060 4664245060
681 4664245060 4664269060
682 4664269060 4664293060
683 4664293060 4664317060
684 4664317060 4664341060
685 4664341060 4664365060
686 4664365060 4664389060
687 4664389060 4664413060
688 4664413060 4664437060
689 4664437060 4664461060
690 4664461060 4664485060
691 4664485060 4664509060
692 4664509060 4664533060
693 4664533060 4664557060
694 4664557060 4664581060
695 4664581060 4664605060
696 4664605060 4664629060
697 4664629060 4664653060
698 4664653060 4664677060
699 4664677060 4664701060
700 4664701060 4664725060
701 4664725060 4664749060
702 4664749060 4664773060
703 4664773060 4664797060
704 4664797060 4664821060
705 4664821060 4664845060
706 4664845060 4664869060
707 4664869060 4664893060
708 4664893060 4664917060
709 4664917060 4664941060
710 4664941060 4664965060
711 4664965060 4664989060
712 4664989060 4665013060
713 4665013060 4665037060
714 4665037060 4665061060
715 4665061060 4665085060
716 4665085060 4665109060
717 4665109060 4665133060
718 4665133060 4665157060
719 4665157060 4665181060
720 4665181060 4665205060
721 4665205060 4665229060
722 4665229060 4665253060
723 4665253060 4665277060
724 4665277060 4665301060
725 4665301060 4665325060
726 4665325060 4665349060
727 4665349060 4665373060
728 4665373060 4665397060
729 4665397060 4665421060
730 4665421060 4665445060
731 4665445060 4665469060
732 4665469060 4665493060
733 4665493060 4665517060
734 4665517060 4665541060
735 4665541060 4665565060
736 4665565060 4665589060
737 4665589060 4665613060
738 4665613060 4665637060
739 4665637060 4665661060
740 4665661060 4665685060
741 4665685060 4665709060
742 4665709060 4665733060
743 4665733060 4665757060
744 4665757060 4665781060
745 4665781060 4665805060
746 4665805060 4665829060
747 4665829060 4665853060
748 4665853060 4665877060
749 4665877060 4665901060
750 4665901060 4665925060
751 4665925060 4665949060
752 4665949060 4665973060
753 4665973060 4665997060
754 4665997060 4666021060
755 4666021060 4666045060
756 4666045060 4666069060
757 4666069060 4666093060
758 4666093060 4666117060
759 4666117060 4666141060
760 4666141060 4666165060
761 4666165060 4666189060
762 4666189060 4666213060
763 4666213060 4666237060
764 4666237060 4666261060
765 4666261060 4666285060
766 4666285060 4666309060
767 4666309060 4666333060
768 4666333060 4666357060
769 4666357060 4666381060
770 4666381060 4666405060
771 4666405060 4666429060
772 4666429060 4666453060
773 4666453060 4666477060
774 4666477060 4666501060
775 4666501060 4666525060
776 4666525060 4666549060
777 4666549060 4666573060
778 4666573060 4666597060
779 4666597060 4666621060
780 4666621060 4666645060
781 4666645060 4666669060
782 4666669060 4666693060
783 4666693060 4666717060
784 4666717060 4666741060
785 4666741060 4666765060
786 4666765060 4666789060
787 4666789060 4666813060
788 4666813060 4666837060
789 4666837060 4666861060
790 4666861060 4666885060
791 4666885060 4666909060
792 4666909060 4666933060
793 4666933060 4666957060
794 4666957060 4666981060
795 4666981060 4667005060
796 4667005060 4667029060
797 4667029060 4667053060
798 4667053060 4667077060
799 4667077060 4667101060
800 4667101060 4667125060
801 4667125060 4667149060
802 4667149060 4667173060
803 4667173060 4667197060
804 4667197060 4667221060
805 4667221060 4667245060
806 4667245060 4667269060
807 4667269060 4667293060
808 4667293060 4667317060
809 4667317060 4667341060
810 4667341060 4667365060
811 4667365060 4667389060
812 4667389060 4667413060
813 4667413060 4667437060
814 4667437060 4667461060
815 4667461060 4667485060
816 4667485060 4667509060
817 4667509060 4667533060
818 4667533060 4667557060
819 4667557060 4667581060
820 4667581060 4667605060
821 4667605060 4667629060
822 4667629060 4667653060
823 4667653060 4667677060
824 4667677060 4667701060
825 4667701060 4667725060
826 4667725060 4667749060
827 4667749060 4667773060
828 4667773060 4667797060
829 4667797060 4667821060
830 4667821060 4667845060
831 4667845060 4667869060
832 4667869060 4667893060
833 4667893060 4667917060
834 4667917060 4667941060
835 4667941060 4667965060
836 4667965060 4667989060
837 4667989060 4668013060
838 4668013060 4668037060
839 4668037060 4668061060
840 4668061060 4668085060
841 4668085060 4668109060
842 4668109060 4668133060
843 4668133060 4668157060
844 4668157060 4668181060
845 4668181060 4668205060
846 4668205060 4668229060
847 4668229060 4668253060
848 4668253060 4668277060
849 4668277060 4668301060
850 4668301060 4668325060
851 4668325060 4668349060
852 4668349060 4668373060
853 4668373060 4668397060
854 4668397060 4668421060
855 4668421060 4668445060
856 4668445060 4668469060
857 4668469060 4668493060
858 4668493060 4668517060
859 4668517060 4668541060
860 4668541060 4668565060
861 4668565060 4668589060
862 4668589060 4668613060
863 4668613060 4668637060
864 4668637060 4668661060
865 4668661060 4668685060
866 4668685060 4668709060
867 4668709060 4668733060
868 4668733060 4668757060
869 4668757060 4668781060
870 4668781060 4668805060
871 4668805060 4668829060
872 4668829060 4668853060
873 4668853060 4668877060
874 4668877060 4668901060
875 4668901060 4668925060
876 4668925060 4668949060
877 4668949060 4668973060
878 4668973060 4668997060
879 4668997060 4669021060
880 4669021060 4669045060
881 4669045060 4669069060
882 4669069060 4669093060
883 4669093060 4669117060
884 4669117060 4669141060
885 4669141060 4669165060
886 4669165060 4669189060
887 4669189060 4669213060
888 4669213060 4669237060
889 4669237060 4669261060
890 4669261060 4669285060
891 4669285060 4669309060
892 4669309060 4669333060
893 4669333060 4669357060
894 4669357060 4669381060
895 4669381060 4669405060
896 4669405060 4669429060
897 4669429060 4669453060
898 4669453060 4669477060
899 4669477060 4669501060
900 4669501060 4669525060
901 4669525060 4669549060
902 4669549060 4669573060
903 4669573060 4669597060
904 4669597060 4669621060
905 4669621060 4669645060
906 4669645060 4669669060
907 4669669060 4669693060
908 4669693060 4669717060
909 4669717060 4669741060
910 4669741060 4669765060
911 4669765060 4669789060
912 4669789060 4669813060
913 4669813060 4669837060
914 4669837060 4669861060
915 4669861060 4669885060
916 4669885060 4669909060
917 4669909060 4669933060
918 4669933060 4669957060
919 4669957060 4669981060
920 4669981060 4670005060
921 4670005060 4670029060
922 4670029060 4670053060
923 4670041060 4670065060
924 4670053060 4670077060
925 4670062060 4670086060
926 4670077060 4670101060
927 4670101060 4670125060
928 4670125060 4670149060
929 4670149060 4670173060
930 4670173060 4670197060
931 4670197060 4670221060
932 4670221060 4670245060
933 4670245060 4670269060
934 4670269060 4670293060
935 4670293060 4670317060
936 4670317060 4670341060
937 4670341060 4670365060
938 4670365060 4670389060
939 4670389060 4670413060
940 4670413060 4670437060
941 4670437060 4670461060
942 4670461060 4670485060
943 4670485060 4670509060
944 4670509060 4670533060
945 4670533060 4670557060
946 4670557060 4670581060
947 4670581060 4670605060
948 4670605060 4670629060
949 4670629060 4670653060
950 4670653060 4670677060
951 4670677060 4670701060
952 4670701060 4670725060
953 4670725060 4670749060
954 4670749060 4670773060
955 4670773060 4670797060
956 4670797060 4670821060
957 4670821060 4670845060
958 4670845060 4670869060
959 4670869060 4670893060
960 4670893060 4670917060
961 4670917060 4670941060
962 4670941060 4670965060
963 4670965060 4670989060
964 4670989060 4671013060
965 4671013060 4671037060
966 4671037060 4671061060
967 4671061060 4671085060
968 4671085060 4671109060
969 4671109060 4671133060
970 4671133060 4671157060
971 4671157060 4671181060
972 4671181060 4671205060
973 4671205060 4671229060
974 4671229060 4671253060
975 4671253060 4671277060
976 4671277060 4671301060
977 4671301060 4671325060
978 4671325060 4671349060
979 4671349060 4671373060
980 4671373060 4671397060
981 4671397060 4671421060
982 4671421060 4671445060
983 4671445060 4671469060
984 4671469060 4671493060
985 4671493060 4671517060
986 4671517060 4671541060
987 4671541060 4671565060
988 4671565060 4671589060
989 4671589060 4671613060
990 4671613060 4671637060
991 4671637060 4671661060
992 4671661060 4671685060
993 4671685060 4671709060
994 4671709060 4671733060
995 4671733060 4671757060
996 4671757060 4671781060
997 4671781060 4671805060
998 4671805060 4671829060
999 4671829060 4671853060
1000 4671853060 4671877060
1001 4671877060 4671901060
1002 4671901060 4671925060
1003 4671925060 4671949060
1004 4671949060 4671973060
1005 4671973060 4671997060
1006 4671997060 4672021060
1007 4672021060 4672045060
1008 4672045060 4672069060
1009 4672069060 4672093060
1010 4672093060 4672117060
1011 4672117060 4672141060
1012 4672141060 4672165060
1013 4672165060 4672189060
1014 4672189060 4672213060
1015 4672213060 4672237060
1016 4672237060 4672261060
1017 4672261060 4672285060
1018 4672285060 4672309060
1019 4672309060 4672333060
1020 4672333060 4672357060
1021 4672357060 4672381060
1022 4672381060 4672405060
1023 4672405060 4672429060
1024 4672429060 4672453060
1025 4672453060 4672477060
1026 4672477060 4672501060
1027 4672501060 4672525060
1028 4672525060 4672549060
1029 4672549060 4672573060
1030 4672573060 4672597060
1031 4672597060 4672621060
1032 4672621060 4672645060
1033 4672645060 4672669060
1034 4672669060 4672693060
1035 4672693060 4672717060
1036 4672717060 4672741060
1037 4672741060 4672765060
1038 4672765060 4672789060
1039 4672789060 4672813060
1040 4672813060 4672837060
1041 4672837060 4672861060
1042 4672861060 4672885060
1043 4672885060 4672909060
1044 4672909060 4672933060
1045 4672933060 4672957060
1046 4672957060 4672981060
1047 4672981060 4673005060
1048 4673005060 4673029060
1049 4673029060 4673053060
1050 4673053060 4673077060
1051 4673077060 4673101060
1052 4673101060 4673125060
1053 4673125060 4673149060
1054 4673149060 4673173060
1055 4673173060 4673197060
1056 4673197060 4673221060
1057 4673221060 4673245060
1058 4673245060 4673269060
1059 4673269060 4673293060
1060 4673293060 4673317060
1061 4673317060 4673341060
1062 4673341060 4673365060
1063 4673365060 4673389060
1064 4673389060 4673413060
1065 4673413060 4673437060
1066 4673437060 4673461060
1067 4673461060 4673485060
1068 4673485060 4673509060
1069 4673509060 4673533060
1070 4673533060 4673557060
1071 4673557060 4673581060
1072 4673581060 4673605060
1073 4673605060 4673629060
1074 4673629060 4673653060
1075 4673653060 4673677060
1076 4673677060 4673701060
1077 4673701060 4673725060
1078 4673725060 4673749060
1079 4673749060 4673773060
1080 4673773060 4673797060
1081 4673797060 4673821060
1082 4673821060 4673845060
1083 4673845060 4673869060
1084 4673869060 4673893060
1085 4673893060 4673917060
1086 4673917060 4673941060
1087 4673941060 4673965060
1088 4673965060 4673989060
1089 4673989060 4674013060
1090 4674013060 4674037060
1091 4674037060 4674061060
1092 4674061060 4674085060
1093 4674085060 4674109060
1094 4674109060 4674133060
1095 4674133060 4674157060
1096 4674157060 4674181060
1097 4674181060 4674205060
1098 4674205060 4674229060
1099 4674229060 4674253060
1100 4674253060 4674277060
1101 4674277060 4674301060
1102 4674301060 4674325060
1103 4674325060 4674349060
1104 4674349060 4674373060
1105 4674373060 4674397060
1106 4674397060 4674421060
1107 4674421060 4674445060
1108 4674445060 4674469060
1109 4674469060 4674493060
1110 4674493060 4674517060
1111 4674517060 4674541060
1112 4674541060 4674565060
1113 4674565060 4674589060
1114 4674589060 4674613060
1115 4674613060 4674637060
1116 4674637060 4674661060
1117 4674661060 4674685060
1118 4674685060 4674709060
1119 4674709060 4674733060
1120 4674733060 4674757060
1121 4674757060 4674781060
1122 4674781060 4674805060
1123 4674805060 4674829060
1124 4674829060 4674853060
1125 4674853060 4674877060
1126 4674877060 4674901060
1127 4674901060 4674925060
1128 4674925060 4674949060
1129 4674949060 4674973060
1130 4674973060 4674997060
1131 4674997060 4675021060
1132 4675021060 4675045060
1133 4675045060 4675069060
1134 4675069060 4675093060
1135 4675093060 4675117060
1136 4675117060 4675141060
1137 4675141060 4675165060
1138 4675165060 4675189060
1139 4675189060 4675213060
1140 4675213060 4675237060
1141 4675237060 4675261060
1142 4675261060 4675285060
1143 4675285060 4675309060
1144 4675309060 4675333060
1145 4675333060 4675357060
1146 4675357060 4675381060
1147 4675381060 4675405060
1148 4675405060 4675429060
1149 4675429060 4675453060
1150 4675453060 4675477060
1151 4675477060 4675501060
1152 4675501060 4675525060
1153 4675525060 4675549060
1154 4675549060 4675573060
1155 4675573060 4675597060
1156 4675597060 4675621060
1157 4675621060 4675645060
1158 4675645060 4675669060
1159 4675669060 4675693060
1160 4675693060 4675717060
1161 4675717060 4675741060
1162 4675741060 4675765060
1163 4675765060 4675789060
1164 4675789060 4675813060
1165 4675813060 4675837060
1166 4675837060 4675861060
1167 4675861060 4675885060
1168 4675885060 4675909060
1169 4675909060 4675933060
1170 4675933060 4675957060
1171 4675957060 4675981060
1172 4675981060 4676005060
1173 4676005060 4676029060
1174 4676029060 4676053060
1175 4676053060 4676077060
1176 4676077060 4676101060
1177 4676101060 4676125060
1178 4676125060 4676149060
1179 4676149060 4676173060
1180 4676173060 4676197060
1181 4676197060 4676221060
1182 4676221060 4676245060
1183 4676245060 4676269060
1184 4676269060 4676293060
1185 4676293060 4676317060
1186 4676317060 4676341060
1187 4676341060 4676365060
1188 4676365060 4676389060
1189 4676389060 4676413060
1190 4676413060 4676437060
1191 4676437060 4676461060
1192 4676461060 4676485060
1193 4676485060 4676509060
1194 4676509060 4676533060
1195 4676533060 4676557060
1196 4676557060 4676581060
1197 4676581060 4676605060
1198 4676605060 4676629060
1199 4676629060 4676653060
1200 4676653060 4676677060
1201 4676677060 4676701060
1202 4676701060 4676725060
1203 4676725060 4676749060
1204 4676749060 4676773060
1205 4676773060 4676797060
1206 4676797060 4676821060
1207 4676821060 4676845060
1208 4676845060 4676869060
1209 4676869060 4676893060
1210 4676893060 4676917060
1211 4676917060 4676941060
1212 4676941060 4676965060
1213 4676965060 4676989060
1214 4676989060 4677013060
1215 4677013060 4677037060
1216 4677037060 4677061060
1217 4677061060 4677085060
1218 4677085060 4677109060
1219 4677109060 4677133060
1220 4677133060 4677157060
1221 4677157060 4677181060
1222 4677181060 4677205060
1223 4677205060 4677229060
1224 4677229060 4677253060
1225 4677253060 4677277060
1226 4677277060 4677301060
1227 4677301060 4677325060
1228 4677325060 4677349060
1229 4677349060 4677373060
1230 4677373060 4677397060
1231 4677397060 4677421060
1232 4677421060 4677445060
1233 4677445060 4677469060
1234 4677469060 4677493060
1235 4677493060 4677517060
1236 4677517060 4677541060
1237 4677541060 4677565060
1238 4677565060 4677589060
1239 4677589060 4677613060
1240 4677613060 4677637060
1241 4677637060 4677661060
1242 4677661060 4677685060
1243 4677685060 4677709060
1244 4677709060 4677733060
1245 4677733060 4677757060
1246 4677757060 4677781060
1247 4677781060 4677805060
1248 4677805060 4677829060
