Cycle,StartTime,EndTime
0 7425000 7475000
1 7475000 7525000
2 7525000 7575000
3 7575000 7625000
4 7625000 7675000
5 7675000 7725000
6 7725000 7775000
7 7775000 7825000
8 7825000 7875000
9 7875000 7925000
10 7925000 7975000
11 7975000 8025000
12 8025000 8075000
13 8075000 8125000
14 8125000 8175000
15 8175000 8225000
16 8225000 8275000
17 8275000 8325000
18 8325000 8375000
19 8375000 8425000
20 8425000 8475000
21 8451000 8501000
22 8475000 8525000
23 8502000 8552000
24 8525000 8575000
25 8575000 8625000
26 8625000 8675000
27 8675000 8725000
28 8725000 8775000
29 8775000 8825000
30 8825000 8875000
31 8875000 8925000
32 8925000 8975000
33 8975000 9025000
34 9025000 9075000
35 9075000 9125000
36 9125000 9175000
37 9175000 9225000
38 9225000 9275000
39 9275000 9325000
40 9325000 9375000
41 9375000 9425000
42 9425000 9475000
43 9475000 9525000
44 9525000 9575000
45 9575000 9625000
46 9625000 9675000
47 9675000 9725000
48 9725000 9775000
49 9775000 9825000
50 9825000 9875000
51 9875000 9925000
52 9925000 9975000
53 9975000 10025000
54 10025000 10075000
55 10075000 10125000
56 10125000 10175000
57 10175000 10225000
58 10225000 10275000
59 10275000 10325000
60 10325000 10375000
61 10375000 10425000
62 10425000 10475000
63 10475000 10525000
64 10525000 10575000
65 10575000 10625000
66 10625000 10675000
67 10675000 10725000
68 10725000 10775000
69 10775000 10825000
70 10825000 10875000
71 10875000 10925000
72 10925000 10975000
73 10975000 11025000
74 11025000 11075000
75 11075000 11125000
76 11125000 11175000
77 11175000 11225000
78 11225000 11275000
79 11275000 11325000
80 11325000 11375000
81 11375000 11425000
82 11425000 11475000
83 11475000 11525000
84 11525000 11575000
85 11575000 11625000
86 11625000 11675000
87 11675000 11725000
88 11725000 11775000
89 11775000 11825000
90 11825000 11875000
91 11875000 11925000
92 11925000 11975000
93 11975000 12025000
94 12025000 12075000
95 12075000 12125000
96 12125000 12175000
97 12175000 12225000
98 12225000 12275000
99 12275000 12325000
100 12325000 12375000
