Cycle,StartTime,EndTime
0 5524991060 5525011060
1 5525011060 5525031060
2 5525031060 5525051060
3 5525051060 5525071060
4 5525071060 5525091060
5 5525091060 5525111060
6 5525111060 5525131060
7 5525131060 5525151060
8 5525151060 5525171060
9 5525171060 5525191060
10 5525191060 5525211060
11 5525211060 5525231060
12 5525231060 5525251060
13 5525251060 5525271060
14 5525271060 5525291060
15 5525291060 5525311060
16 5525311060 5525331060
17 5525331060 5525351060
18 5525351060 5525371060
19 5525371060 5525391060
20 5525391060 5525411060
21 5525411060 5525431060
22 5525431060 5525451060
23 5525451060 5525471060
24 5525471060 5525491060
25 5525491060 5525511060
26 5525511060 5525531060
27 5525531060 5525551060
28 5525551060 5525571060
29 5525571060 5525591060
30 5525591060 5525611060
31 5525611060 5525631060
32 5525631060 5525651060
33 5525651060 5525671060
34 5525671060 5525691060
35 5525691060 5525711060
36 5525711060 5525731060
37 5525731060 5525751060
38 5525751060 5525771060
39 5525771060 5525791060
40 5525791060 5525811060
41 5525811060 5525831060
42 5525831060 5525851060
43 5525851060 5525871060
44 5525871060 5525891060
45 5525891060 5525911060
46 5525911060 5525931060
47 5525931060 5525951060
48 5525951060 5525971060
49 5525971060 5525991060
50 5525991060 5526011060
51 5526011060 5526031060
52 5526031060 5526051060
53 5526051060 5526071060
54 5526071060 5526091060
55 5526091060 5526111060
56 5526111060 5526131060
57 5526131060 5526151060
58 5526151060 5526171060
59 5526171060 5526191060
60 5526191060 5526211060
61 5526211060 5526231060
62 5526231060 5526251060
63 5526251060 5526271060
64 5526271060 5526291060
65 5526291060 5526311060
66 5526311060 5526331060
67 5526331060 5526351060
68 5526351060 5526371060
69 5526371060 5526391060
70 5526391060 5526411060
71 5526411060 5526431060
72 5526431060 5526451060
73 5526451060 5526471060
74 5526471060 5526491060
75 5526491060 5526511060
76 5526511060 5526531060
77 5526531060 5526551060
78 5526551060 5526571060
79 5526571060 5526591060
80 5526591060 5526611060
81 5526611060 5526631060
82 5526631060 5526651060
83 5526651060 5526671060
84 5526671060 5526691060
85 5526691060 5526711060
86 5526711060 5526731060
87 5526731060 5526751060
88 5526751060 5526771060
89 5526771060 5526791060
90 5526791060 5526811060
91 5526811060 5526831060
92 5526831060 5526851060
93 5526851060 5526871060
94 5526871060 5526891060
95 5526891060 5526911060
96 5526911060 5526931060
97 5526931060 5526951060
98 5526951060 5526971060
99 5526971060 5526991060
100 5526991060 5527011060
101 5527011060 5527031060
102 5527031060 5527051060
103 5527051060 5527071060
104 5527071060 5527091060
105 5527091060 5527111060
106 5527111060 5527131060
107 5527131060 5527151060
108 5527151060 5527171060
109 5527171060 5527191060
110 5527191060 5527211060
111 5527211060 5527231060
112 5527231060 5527251060
113 5527251060 5527271060
114 5527271060 5527291060
115 5527291060 5527311060
116 5527311060 5527331060
117 5527331060 5527351060
118 5527351060 5527371060
119 5527371060 5527391060
120 5527391060 5527411060
121 5527411060 5527431060
122 5527431060 5527451060
123 5527451060 5527471060
124 5527471060 5527491060
125 5527491060 5527511060
126 5527511060 5527531060
127 5527531060 5527551060
128 5527551060 5527571060
129 5527571060 5527591060
130 5527591060 5527611060
131 5527611060 5527631060
132 5527631060 5527651060
133 5527651060 5527671060
134 5527671060 5527691060
135 5527691060 5527711060
136 5527711060 5527731060
137 5527731060 5527751060
138 5527751060 5527771060
139 5527771060 5527791060
140 5527791060 5527811060
141 5527811060 5527831060
142 5527831060 5527851060
143 5527851060 5527871060
144 5527871060 5527891060
145 5527891060 5527911060
146 5527911060 5527931060
147 5527931060 5527951060
148 5527951060 5527971060
149 5527971060 5527991060
150 5527991060 5528011060
151 5528011060 5528031060
152 5528031060 5528051060
153 5528051060 5528071060
154 5528071060 5528091060
155 5528091060 5528111060
156 5528111060 5528131060
157 5528131060 5528151060
158 5528151060 5528171060
159 5528171060 5528191060
160 5528191060 5528211060
161 5528211060 5528231060
162 5528231060 5528251060
163 5528251060 5528271060
164 5528271060 5528291060
165 5528291060 5528311060
166 5528311060 5528331060
167 5528331060 5528351060
168 5528351060 5528371060
169 5528371060 5528391060
170 5528391060 5528411060
171 5528411060 5528431060
172 5528431060 5528451060
173 5528451060 5528471060
174 5528471060 5528491060
175 5528491060 5528511060
176 5528511060 5528531060
177 5528531060 5528551060
178 5528551060 5528571060
179 5528571060 5528591060
180 5528591060 5528611060
181 5528611060 5528631060
182 5528631060 5528651060
183 5528651060 5528671060
184 5528671060 5528691060
185 5528691060 5528711060
186 5528711060 5528731060
187 5528731060 5528751060
188 5528751060 5528771060
189 5528771060 5528791060
190 5528791060 5528811060
191 5528811060 5528831060
192 5528831060 5528851060
193 5528851060 5528871060
194 5528871060 5528891060
195 5528891060 5528911060
196 5528911060 5528931060
197 5528931060 5528951060
198 5528951060 5528971060
199 5528971060 5528991060
200 5528991060 5529011060
201 5529011060 5529031060
202 5529031060 5529051060
203 5529051060 5529071060
204 5529071060 5529091060
205 5529091060 5529111060
206 5529111060 5529131060
207 5529131060 5529151060
208 5529151060 5529171060
209 5529171060 5529191060
210 5529191060 5529211060
211 5529211060 5529231060
212 5529231060 5529251060
213 5529251060 5529271060
214 5529271060 5529291060
215 5529291060 5529311060
216 5529311060 5529331060
217 5529331060 5529351060
218 5529351060 5529371060
219 5529371060 5529391060
220 5529391060 5529411060
221 5529411060 5529431060
222 5529431060 5529451060
223 5529451060 5529471060
224 5529471060 5529491060
225 5529491060 5529511060
226 5529511060 5529531060
227 5529531060 5529551060
228 5529551060 5529571060
229 5529571060 5529591060
230 5529591060 5529611060
231 5529611060 5529631060
232 5529631060 5529651060
233 5529651060 5529671060
234 5529671060 5529691060
235 5529691060 5529711060
236 5529711060 5529731060
237 5529731060 5529751060
238 5529751060 5529771060
239 5529771060 5529791060
240 5529791060 5529811060
241 5529811060 5529831060
242 5529831060 5529851060
243 5529851060 5529871060
244 5529871060 5529891060
245 5529891060 5529911060
246 5529911060 5529931060
247 5529931060 5529951060
248 5529951060 5529971060
249 5529971060 5529991060
250 5529991060 5530011060
251 5530011060 5530031060
252 5530031060 5530051060
253 5530051060 5530071060
254 5530071060 5530091060
255 5530091060 5530111060
256 5530111060 5530131060
257 5530131060 5530151060
258 5530151060 5530171060
259 5530171060 5530191060
260 5530191060 5530211060
261 5530211060 5530231060
262 5530231060 5530251060
263 5530251060 5530271060
264 5530271060 5530291060
265 5530291060 5530311060
266 5530311060 5530331060
267 5530331060 5530351060
268 5530351060 5530371060
269 5530371060 5530391060
270 5530391060 5530411060
271 5530411060 5530431060
272 5530431060 5530451060
273 5530451060 5530471060
274 5530471060 5530491060
275 5530491060 5530511060
276 5530511060 5530531060
277 5530531060 5530551060
278 5530551060 5530571060
279 5530571060 5530591060
280 5530591060 5530611060
281 5530611060 5530631060
282 5530631060 5530651060
283 5530651060 5530671060
284 5530671060 5530691060
285 5530691060 5530711060
286 5530711060 5530731060
287 5530731060 5530751060
288 5530751060 5530771060
289 5530771060 5530791060
290 5530791060 5530811060
291 5530811060 5530831060
292 5530831060 5530851060
293 5530851060 5530871060
294 5530871060 5530891060
295 5530891060 5530911060
296 5530911060 5530931060
297 5530931060 5530951060
298 5530951060 5530971060
299 5530971060 5530991060
300 5530991060 5531011060
301 5531011060 5531031060
302 5531031060 5531051060
303 5531051060 5531071060
304 5531071060 5531091060
305 5531091060 5531111060
306 5531111060 5531131060
307 5531131060 5531151060
308 5531151060 5531171060
309 5531171060 5531191060
310 5531191060 5531211060
311 5531211060 5531231060
312 5531231060 5531251060
313 5531251060 5531271060
314 5531271060 5531291060
315 5531291060 5531311060
316 5531311060 5531331060
317 5531331060 5531351060
318 5531351060 5531371060
319 5531371060 5531391060
320 5531391060 5531411060
321 5531411060 5531431060
322 5531431060 5531451060
323 5531451060 5531471060
324 5531471060 5531491060
325 5531491060 5531511060
326 5531511060 5531531060
327 5531531060 5531551060
328 5531551060 5531571060
329 5531571060 5531591060
330 5531591060 5531611060
331 5531611060 5531631060
332 5531631060 5531651060
333 5531651060 5531671060
334 5531671060 5531691060
335 5531691060 5531711060
336 5531711060 5531731060
337 5531731060 5531751060
338 5531751060 5531771060
339 5531771060 5531791060
340 5531791060 5531811060
341 5531811060 5531831060
342 5531831060 5531851060
343 5531851060 5531871060
344 5531871060 5531891060
345 5531891060 5531911060
346 5531911060 5531931060
347 5531931060 5531951060
348 5531951060 5531971060
349 5531971060 5531991060
350 5531991060 5532011060
351 5532011060 5532031060
352 5532031060 5532051060
353 5532051060 5532071060
354 5532071060 5532091060
355 5532091060 5532111060
356 5532111060 5532131060
357 5532131060 5532151060
358 5532151060 5532171060
359 5532171060 5532191060
360 5532191060 5532211060
361 5532211060 5532231060
362 5532231060 5532251060
363 5532251060 5532271060
364 5532271060 5532291060
365 5532291060 5532311060
366 5532311060 5532331060
367 5532331060 5532351060
368 5532351060 5532371060
369 5532371060 5532391060
370 5532391060 5532411060
371 5532411060 5532431060
372 5532431060 5532451060
373 5532451060 5532471060
374 5532471060 5532491060
375 5532491060 5532511060
376 5532511060 5532531060
377 5532531060 5532551060
378 5532551060 5532571060
379 5532571060 5532591060
380 5532591060 5532611060
381 5532611060 5532631060
382 5532631060 5532651060
383 5532651060 5532671060
384 5532671060 5532691060
385 5532691060 5532711060
386 5532711060 5532731060
387 5532731060 5532751060
388 5532751060 5532771060
389 5532771060 5532791060
390 5532791060 5532811060
391 5532811060 5532831060
392 5532831060 5532851060
393 5532851060 5532871060
394 5532871060 5532891060
395 5532891060 5532911060
396 5532911060 5532931060
397 5532931060 5532951060
398 5532951060 5532971060
399 5532971060 5532991060
400 5532991060 5533011060
401 5533011060 5533031060
402 5533031060 5533051060
403 5533051060 5533071060
404 5533071060 5533091060
405 5533091060 5533111060
406 5533111060 5533131060
407 5533131060 5533151060
408 5533151060 5533171060
409 5533171060 5533191060
410 5533191060 5533211060
411 5533211060 5533231060
412 5533231060 5533251060
413 5533251060 5533271060
414 5533271060 5533291060
415 5533291060 5533311060
416 5533311060 5533331060
417 5533331060 5533351060
418 5533351060 5533371060
419 5533371060 5533391060
420 5533391060 5533411060
421 5533411060 5533431060
422 5533431060 5533451060
423 5533451060 5533471060
424 5533471060 5533491060
425 5533491060 5533511060
426 5533511060 5533531060
427 5533531060 5533551060
428 5533551060 5533571060
429 5533571060 5533591060
430 5533591060 5533611060
431 5533611060 5533631060
432 5533631060 5533651060
433 5533651060 5533671060
434 5533671060 5533691060
435 5533691060 5533711060
436 5533711060 5533731060
437 5533731060 5533751060
438 5533751060 5533771060
439 5533771060 5533791060
440 5533791060 5533811060
441 5533811060 5533831060
442 5533831060 5533851060
443 5533851060 5533871060
444 5533871060 5533891060
445 5533891060 5533911060
446 5533911060 5533931060
447 5533931060 5533951060
448 5533951060 5533971060
449 5533971060 5533991060
450 5533991060 5534011060
451 5534011060 5534031060
452 5534031060 5534051060
453 5534051060 5534071060
454 5534071060 5534091060
455 5534091060 5534111060
456 5534111060 5534131060
457 5534131060 5534151060
458 5534151060 5534171060
459 5534171060 5534191060
460 5534191060 5534211060
461 5534211060 5534231060
462 5534231060 5534251060
463 5534251060 5534271060
464 5534271060 5534291060
465 5534291060 5534311060
466 5534311060 5534331060
467 5534331060 5534351060
468 5534351060 5534371060
469 5534371060 5534391060
470 5534391060 5534411060
471 5534411060 5534431060
472 5534431060 5534451060
473 5534451060 5534471060
474 5534471060 5534491060
475 5534491060 5534511060
476 5534511060 5534531060
477 5534531060 5534551060
478 5534551060 5534571060
479 5534571060 5534591060
480 5534591060 5534611060
481 5534611060 5534631060
482 5534631060 5534651060
483 5534651060 5534671060
484 5534671060 5534691060
485 5534691060 5534711060
486 5534711060 5534731060
487 5534731060 5534751060
488 5534751060 5534771060
489 5534771060 5534791060
490 5534791060 5534811060
491 5534811060 5534831060
492 5534831060 5534851060
493 5534851060 5534871060
494 5534871060 5534891060
495 5534891060 5534911060
496 5534911060 5534931060
497 5534931060 5534951060
498 5534951060 5534971060
499 5534971060 5534991060
500 5534991060 5535011060
501 5535011060 5535031060
502 5535031060 5535051060
503 5535051060 5535071060
504 5535071060 5535091060
505 5535091060 5535111060
506 5535111060 5535131060
507 5535131060 5535151060
508 5535151060 5535171060
509 5535171060 5535191060
510 5535191060 5535211060
511 5535211060 5535231060
512 5535231060 5535251060
513 5535251060 5535271060
514 5535271060 5535291060
515 5535291060 5535311060
516 5535311060 5535331060
517 5535331060 5535351060
518 5535351060 5535371060
519 5535371060 5535391060
520 5535391060 5535411060
521 5535411060 5535431060
522 5535431060 5535451060
523 5535451060 5535471060
524 5535471060 5535491060
525 5535491060 5535511060
526 5535511060 5535531060
527 5535531060 5535551060
528 5535551060 5535571060
529 5535571060 5535591060
530 5535591060 5535611060
531 5535611060 5535631060
532 5535631060 5535651060
533 5535651060 5535671060
534 5535671060 5535691060
535 5535691060 5535711060
536 5535711060 5535731060
537 5535731060 5535751060
538 5535751060 5535771060
539 5535771060 5535791060
540 5535791060 5535811060
541 5535811060 5535831060
542 5535831060 5535851060
543 5535851060 5535871060
544 5535871060 5535891060
545 5535891060 5535911060
546 5535911060 5535931060
547 5535931060 5535951060
548 5535951060 5535971060
549 5535971060 5535991060
550 5535991060 5536011060
551 5536011060 5536031060
552 5536031060 5536051060
553 5536051060 5536071060
554 5536071060 5536091060
555 5536091060 5536111060
556 5536111060 5536131060
557 5536131060 5536151060
558 5536151060 5536171060
559 5536171060 5536191060
560 5536191060 5536211060
561 5536211060 5536231060
562 5536231060 5536251060
563 5536251060 5536271060
564 5536271060 5536291060
565 5536291060 5536311060
566 5536311060 5536331060
567 5536331060 5536351060
568 5536351060 5536371060
569 5536371060 5536391060
570 5536391060 5536411060
571 5536411060 5536431060
572 5536431060 5536451060
573 5536451060 5536471060
574 5536471060 5536491060
575 5536491060 5536511060
576 5536511060 5536531060
577 5536531060 5536551060
578 5536551060 5536571060
579 5536571060 5536591060
580 5536591060 5536611060
581 5536611060 5536631060
582 5536631060 5536651060
583 5536651060 5536671060
584 5536671060 5536691060
585 5536691060 5536711060
586 5536711060 5536731060
587 5536731060 5536751060
588 5536751060 5536771060
589 5536771060 5536791060
590 5536791060 5536811060
591 5536811060 5536831060
592 5536831060 5536851060
593 5536851060 5536871060
594 5536871060 5536891060
595 5536891060 5536911060
596 5536911060 5536931060
597 5536931060 5536951060
598 5536951060 5536971060
599 5536971060 5536991060
600 5536991060 5537011060
601 5537011060 5537031060
602 5537031060 5537051060
603 5537051060 5537071060
604 5537071060 5537091060
605 5537091060 5537111060
606 5537111060 5537131060
607 5537131060 5537151060
608 5537151060 5537171060
609 5537171060 5537191060
610 5537191060 5537211060
611 5537211060 5537231060
612 5537231060 5537251060
613 5537251060 5537271060
614 5537271060 5537291060
615 5537291060 5537311060
616 5537311060 5537331060
617 5537331060 5537351060
618 5537351060 5537371060
619 5537371060 5537391060
620 5537391060 5537411060
621 5537411060 5537431060
622 5537431060 5537451060
623 5537451060 5537471060
624 5537471060 5537491060
625 5537491060 5537511060
626 5537511060 5537531060
627 5537531060 5537551060
628 5537551060 5537571060
629 5537571060 5537591060
630 5537591060 5537611060
631 5537611060 5537631060
632 5537631060 5537651060
633 5537651060 5537671060
634 5537671060 5537691060
635 5537691060 5537711060
636 5537711060 5537731060
637 5537731060 5537751060
638 5537751060 5537771060
639 5537771060 5537791060
640 5537791060 5537811060
641 5537811060 5537831060
642 5537831060 5537851060
643 5537851060 5537871060
644 5537871060 5537891060
645 5537891060 5537911060
646 5537911060 5537931060
647 5537931060 5537951060
648 5537951060 5537971060
649 5537971060 5537991060
650 5537991060 5538011060
651 5538011060 5538031060
652 5538031060 5538051060
653 5538051060 5538071060
654 5538071060 5538091060
655 5538091060 5538111060
656 5538111060 5538131060
657 5538131060 5538151060
658 5538151060 5538171060
659 5538171060 5538191060
660 5538191060 5538211060
661 5538211060 5538231060
662 5538231060 5538251060
663 5538251060 5538271060
664 5538271060 5538291060
665 5538291060 5538311060
666 5538311060 5538331060
667 5538331060 5538351060
668 5538351060 5538371060
669 5538371060 5538391060
670 5538391060 5538411060
671 5538411060 5538431060
672 5538431060 5538451060
673 5538451060 5538471060
674 5538471060 5538491060
675 5538491060 5538511060
676 5538511060 5538531060
677 5538531060 5538551060
678 5538551060 5538571060
679 5538571060 5538591060
680 5538591060 5538611060
681 5538611060 5538631060
682 5538631060 5538651060
683 5538651060 5538671060
684 5538671060 5538691060
685 5538691060 5538711060
686 5538711060 5538731060
687 5538731060 5538751060
688 5538751060 5538771060
689 5538771060 5538791060
690 5538791060 5538811060
691 5538811060 5538831060
692 5538831060 5538851060
693 5538851060 5538871060
694 5538871060 5538891060
695 5538891060 5538911060
696 5538911060 5538931060
697 5538931060 5538951060
698 5538951060 5538971060
699 5538971060 5538991060
700 5538991060 5539011060
701 5539011060 5539031060
702 5539031060 5539051060
703 5539051060 5539071060
704 5539071060 5539091060
705 5539091060 5539111060
706 5539111060 5539131060
707 5539131060 5539151060
708 5539151060 5539171060
709 5539171060 5539191060
710 5539191060 5539211060
711 5539211060 5539231060
712 5539231060 5539251060
713 5539251060 5539271060
714 5539271060 5539291060
715 5539291060 5539311060
716 5539311060 5539331060
717 5539331060 5539351060
718 5539351060 5539371060
719 5539371060 5539391060
720 5539391060 5539411060
721 5539411060 5539431060
722 5539431060 5539451060
723 5539451060 5539471060
724 5539471060 5539491060
725 5539491060 5539511060
726 5539511060 5539531060
727 5539531060 5539551060
728 5539551060 5539571060
729 5539571060 5539591060
730 5539591060 5539611060
731 5539611060 5539631060
732 5539631060 5539651060
733 5539651060 5539671060
734 5539671060 5539691060
735 5539691060 5539711060
736 5539711060 5539731060
737 5539731060 5539751060
738 5539751060 5539771060
739 5539771060 5539791060
740 5539791060 5539811060
741 5539811060 5539831060
742 5539831060 5539851060
743 5539851060 5539871060
744 5539871060 5539891060
745 5539891060 5539911060
746 5539911060 5539931060
747 5539931060 5539951060
748 5539951060 5539971060
749 5539971060 5539991060
750 5539991060 5540011060
751 5540011060 5540031060
752 5540031060 5540051060
753 5540051060 5540071060
754 5540071060 5540091060
755 5540091060 5540111060
756 5540111060 5540131060
757 5540131060 5540151060
758 5540151060 5540171060
759 5540171060 5540191060
760 5540191060 5540211060
761 5540211060 5540231060
762 5540231060 5540251060
763 5540251060 5540271060
764 5540271060 5540291060
765 5540291060 5540311060
766 5540311060 5540331060
767 5540331060 5540351060
768 5540351060 5540371060
769 5540371060 5540391060
770 5540391060 5540411060
771 5540411060 5540431060
772 5540431060 5540451060
773 5540451060 5540471060
774 5540471060 5540491060
775 5540491060 5540511060
776 5540511060 5540531060
777 5540531060 5540551060
778 5540551060 5540571060
779 5540571060 5540591060
780 5540591060 5540611060
781 5540611060 5540631060
782 5540631060 5540651060
783 5540651060 5540671060
784 5540671060 5540691060
785 5540691060 5540711060
786 5540711060 5540731060
787 5540731060 5540751060
788 5540751060 5540771060
789 5540771060 5540791060
790 5540791060 5540811060
791 5540811060 5540831060
792 5540831060 5540851060
793 5540851060 5540871060
794 5540871060 5540891060
795 5540891060 5540911060
796 5540911060 5540931060
797 5540931060 5540951060
798 5540951060 5540971060
799 5540971060 5540991060
800 5540991060 5541011060
801 5541011060 5541031060
802 5541031060 5541051060
803 5541051060 5541071060
804 5541071060 5541091060
805 5541091060 5541111060
806 5541111060 5541131060
807 5541131060 5541151060
808 5541151060 5541171060
809 5541171060 5541191060
810 5541191060 5541211060
811 5541211060 5541231060
812 5541231060 5541251060
813 5541251060 5541271060
814 5541271060 5541291060
815 5541291060 5541311060
816 5541311060 5541331060
817 5541331060 5541351060
818 5541351060 5541371060
819 5541371060 5541391060
820 5541391060 5541411060
821 5541411060 5541431060
822 5541431060 5541451060
823 5541451060 5541471060
824 5541471060 5541491060
825 5541491060 5541511060
826 5541511060 5541531060
827 5541531060 5541551060
828 5541551060 5541571060
829 5541571060 5541591060
830 5541591060 5541611060
831 5541611060 5541631060
832 5541631060 5541651060
833 5541651060 5541671060
834 5541671060 5541691060
835 5541691060 5541711060
836 5541711060 5541731060
837 5541731060 5541751060
838 5541751060 5541771060
839 5541771060 5541791060
840 5541791060 5541811060
841 5541811060 5541831060
842 5541831060 5541851060
843 5541851060 5541871060
844 5541871060 5541891060
845 5541891060 5541911060
846 5541911060 5541931060
847 5541931060 5541951060
848 5541951060 5541971060
849 5541971060 5541991060
850 5541991060 5542011060
851 5542011060 5542031060
852 5542031060 5542051060
853 5542051060 5542071060
854 5542071060 5542091060
855 5542091060 5542111060
856 5542111060 5542131060
857 5542131060 5542151060
858 5542151060 5542171060
859 5542171060 5542191060
860 5542191060 5542211060
861 5542211060 5542231060
862 5542231060 5542251060
863 5542251060 5542271060
864 5542271060 5542291060
865 5542291060 5542311060
866 5542311060 5542331060
867 5542331060 5542351060
868 5542351060 5542371060
869 5542371060 5542391060
870 5542391060 5542411060
871 5542411060 5542431060
872 5542431060 5542451060
873 5542451060 5542471060
874 5542471060 5542491060
875 5542491060 5542511060
876 5542511060 5542531060
877 5542531060 5542551060
878 5542551060 5542571060
879 5542571060 5542591060
880 5542591060 5542611060
881 5542611060 5542631060
882 5542631060 5542651060
883 5542651060 5542671060
884 5542671060 5542691060
885 5542691060 5542711060
886 5542711060 5542731060
887 5542731060 5542751060
888 5542751060 5542771060
889 5542771060 5542791060
890 5542791060 5542811060
891 5542811060 5542831060
892 5542831060 5542851060
893 5542851060 5542871060
894 5542871060 5542891060
895 5542891060 5542911060
896 5542911060 5542931060
897 5542931060 5542951060
898 5542951060 5542971060
899 5542971060 5542991060
900 5542991060 5543011060
901 5543011060 5543031060
902 5543031060 5543051060
903 5543051060 5543071060
904 5543071060 5543091060
905 5543091060 5543111060
906 5543111060 5543131060
907 5543131060 5543151060
908 5543151060 5543171060
909 5543171060 5543191060
910 5543191060 5543211060
911 5543211060 5543231060
912 5543231060 5543251060
913 5543251060 5543271060
914 5543271060 5543291060
915 5543291060 5543311060
916 5543311060 5543331060
917 5543331060 5543351060
918 5543351060 5543371060
919 5543371060 5543391060
920 5543391060 5543411060
921 5543411060 5543431060
922 5543431060 5543451060
923 5543451060 5543471060
924 5543471060 5543491060
925 5543491060 5543511060
926 5543511060 5543531060
927 5543531060 5543551060
928 5543551060 5543571060
929 5543571060 5543591060
930 5543591060 5543611060
931 5543611060 5543631060
932 5543631060 5543651060
933 5543651060 5543671060
934 5543671060 5543691060
935 5543691060 5543711060
936 5543711060 5543731060
937 5543731060 5543751060
938 5543751060 5543771060
939 5543771060 5543791060
940 5543791060 5543811060
941 5543811060 5543831060
942 5543831060 5543851060
943 5543851060 5543871060
944 5543871060 5543891060
945 5543891060 5543911060
946 5543911060 5543931060
947 5543931060 5543951060
948 5543951060 5543971060
949 5543971060 5543991060
950 5543991060 5544011060
951 5544011060 5544031060
952 5544031060 5544051060
953 5544051060 5544071060
954 5544071060 5544091060
955 5544091060 5544111060
956 5544111060 5544131060
957 5544131060 5544151060
958 5544151060 5544171060
959 5544171060 5544191060
960 5544191060 5544211060
961 5544211060 5544231060
962 5544231060 5544251060
963 5544251060 5544271060
964 5544271060 5544291060
965 5544291060 5544311060
966 5544311060 5544331060
967 5544331060 5544351060
968 5544351060 5544371060
969 5544371060 5544391060
970 5544391060 5544411060
971 5544411060 5544431060
972 5544431060 5544451060
973 5544451060 5544471060
974 5544471060 5544491060
975 5544491060 5544511060
976 5544511060 5544531060
977 5544531060 5544551060
978 5544551060 5544571060
979 5544571060 5544591060
980 5544591060 5544611060
981 5544611060 5544631060
982 5544631060 5544651060
983 5544651060 5544671060
984 5544671060 5544691060
985 5544691060 5544711060
986 5544711060 5544731060
987 5544731060 5544751060
988 5544751060 5544771060
989 5544771060 5544791060
990 5544791060 5544811060
991 5544811060 5544831060
992 5544831060 5544851060
993 5544851060 5544871060
994 5544871060 5544891060
995 5544891060 5544911060
996 5544911060 5544931060
997 5544931060 5544951060
998 5544951060 5544971060
999 5544971060 5544991060
1000 5544991060 5545011060
1001 5545011060 5545031060
1002 5545031060 5545051060
1003 5545051060 5545071060
1004 5545071060 5545091060
1005 5545091060 5545111060
1006 5545111060 5545131060
1007 5545131060 5545151060
1008 5545151060 5545171060
1009 5545171060 5545191060
1010 5545191060 5545211060
1011 5545211060 5545231060
1012 5545231060 5545251060
1013 5545251060 5545271060
1014 5545271060 5545291060
1015 5545291060 5545311060
1016 5545311060 5545331060
1017 5545331060 5545351060
1018 5545351060 5545371060
1019 5545371060 5545391060
1020 5545391060 5545411060
1021 5545411060 5545431060
1022 5545431060 5545451060
1023 5545451060 5545471060
1024 5545471060 5545491060
1025 5545491060 5545511060
1026 5545511060 5545531060
1027 5545531060 5545551060
1028 5545551060 5545571060
1029 5545571060 5545591060
1030 5545591060 5545611060
1031 5545611060 5545631060
1032 5545631060 5545651060
1033 5545651060 5545671060
1034 5545671060 5545691060
1035 5545691060 5545711060
1036 5545711060 5545731060
1037 5545731060 5545751060
1038 5545751060 5545771060
1039 5545771060 5545791060
1040 5545791060 5545811060
1041 5545811060 5545831060
1042 5545831060 5545851060
1043 5545851060 5545871060
1044 5545871060 5545891060
1045 5545891060 5545911060
1046 5545911060 5545931060
1047 5545931060 5545951060
1048 5545951060 5545971060
1049 5545971060 5545991060
1050 5545991060 5546011060
1051 5546011060 5546031060
1052 5546031060 5546051060
1053 5546051060 5546071060
1054 5546071060 5546091060
1055 5546091060 5546111060
1056 5546111060 5546131060
1057 5546131060 5546151060
1058 5546151060 5546171060
1059 5546171060 5546191060
1060 5546191060 5546211060
1061 5546211060 5546231060
1062 5546231060 5546251060
1063 5546251060 5546271060
1064 5546271060 5546291060
1065 5546291060 5546311060
1066 5546311060 5546331060
1067 5546331060 5546351060
1068 5546351060 5546371060
1069 5546371060 5546391060
1070 5546391060 5546411060
1071 5546411060 5546431060
1072 5546431060 5546451060
1073 5546451060 5546471060
1074 5546471060 5546491060
1075 5546491060 5546511060
1076 5546511060 5546531060
1077 5546531060 5546551060
1078 5546551060 5546571060
1079 5546571060 5546591060
1080 5546591060 5546611060
1081 5546611060 5546631060
1082 5546631060 5546651060
1083 5546651060 5546671060
1084 5546671060 5546691060
1085 5546691060 5546711060
1086 5546711060 5546731060
1087 5546731060 5546751060
1088 5546751060 5546771060
1089 5546771060 5546791060
1090 5546791060 5546811060
1091 5546811060 5546831060
1092 5546831060 5546851060
1093 5546851060 5546871060
1094 5546871060 5546891060
1095 5546891060 5546911060
