Cycle,StartTime,EndTime
0 7425000 7475000
1 7475000 7525000
2 7525000 7575000
3 7575000 7625000
4 7625000 7675000
5 7675000 7725000
6 7725000 7775000
7 7775000 7825000
8 7825000 7875000
9 7875000 7925000
10 7925000 7975000
11 7975000 8025000
12 8025000 8075000
13 8075000 8125000
14 8125000 8175000
15 8175000 8225000
16 8225000 8275000
17 8275000 8325000
18 8325000 8375000
19 8375000 8425000
20 8425000 8475000
21 8451000 8501000
22 8475000 8525000
23 8525000 8575000
24 8575000 8625000
25 8625000 8675000
26 8675000 8725000
27 8725000 8775000
28 8775000 8825000
29 8825000 8875000
30 8875000 8925000
31 8925000 8975000
32 8975000 9025000
33 9025000 9075000
34 9075000 9125000
35 9125000 9175000
36 9175000 9225000
37 9225000 9275000
38 9275000 9325000
39 9325000 9375000
40 9375000 9425000
41 9425000 9475000
42 9475000 9525000
43 9525000 9575000
44 9575000 9625000
45 9625000 9675000
46 9675000 9725000
47 9725000 9775000
48 9775000 9825000
49 9825000 9875000
50 9875000 9925000
51 9925000 9975000
52 9975000 10025000
53 10025000 10075000
54 10075000 10125000
55 10125000 10175000
56 10175000 10225000
57 10225000 10275000
58 10275000 10325000
59 10325000 10375000
60 10375000 10425000
61 10425000 10475000
62 10475000 10525000
63 10525000 10575000
64 10575000 10625000
65 10625000 10675000
66 10675000 10725000
67 10725000 10775000
68 10775000 10825000
69 10825000 10875000
70 10875000 10925000
71 10925000 10975000
72 10975000 11025000
73 11025000 11075000
74 11075000 11125000
75 11125000 11175000
76 11175000 11225000
77 11225000 11275000
78 11275000 11325000
79 11325000 11375000
80 11375000 11425000
81 11425000 11475000
82 11475000 11525000
83 11525000 11575000
84 11575000 11625000
85 11625000 11675000
86 11675000 11725000
87 11725000 11775000
88 11775000 11825000
89 11825000 11875000
90 11875000 11925000
91 11925000 11975000
92 11975000 12025000
93 12025000 12075000
94 12075000 12125000
95 12125000 12175000
96 12175000 12225000
97 12225000 12275000
98 12275000 12325000
99 12325000 12375000
100 12375000 12425000
101 12425000 12475000
102 12475000 12525000
103 12525000 12575000
104 12575000 12625000
105 12625000 12675000
106 12675000 12725000
107 12725000 12775000
108 12775000 12825000
109 12825000 12875000
110 12875000 12925000
111 12925000 12975000
112 12975000 13025000
113 13025000 13075000
114 13075000 13125000
115 13125000 13175000
116 13175000 13225000
117 13225000 13275000
118 13275000 13325000
119 13325000 13375000
120 13375000 13425000
121 13425000 13475000
122 13475000 13525000
123 13525000 13575000
124 13575000 13625000
125 13625000 13675000
126 13675000 13725000
127 13725000 13775000
128 13775000 13825000
129 13825000 13875000
130 13875000 13925000
131 13925000 13975000
132 13975000 14025000
133 14025000 14075000
134 14075000 14125000
135 14125000 14175000
136 14175000 14225000
137 14225000 14275000
138 14275000 14325000
139 14325000 14375000
140 14375000 14425000
141 14425000 14475000
142 14475000 14525000
143 14525000 14575000
144 14575000 14625000
145 14625000 14675000
146 14675000 14725000
147 14725000 14775000
148 14775000 14825000
149 14825000 14875000
150 14875000 14925000
151 14925000 14975000
152 14975000 15025000
153 15025000 15075000
154 15075000 15125000
155 15125000 15175000
