Cycle,StartTime,EndTime
0 5591245060 5591269060
1 5591269060 5591293060
2 5591293060 5591317060
3 5591317060 5591341060
4 5591341060 5591365060
5 5591365060 5591389060
6 5591389060 5591413060
7 5591413060 5591437060
8 5591437060 5591461060
9 5591461060 5591485060
10 5591485060 5591509060
11 5591509060 5591533060
12 5591533060 5591557060
13 5591557060 5591581060
14 5591581060 5591605060
15 5591605060 5591629060
16 5591629060 5591653060
17 5591653060 5591677060
18 5591677060 5591701060
19 5591701060 5591725060
20 5591725060 5591749060
21 5591749060 5591773060
22 5591773060 5591797060
23 5591797060 5591821060
24 5591821060 5591845060
25 5591845060 5591869060
26 5591869060 5591893060
27 5591893060 5591917060
28 5591917060 5591941060
29 5591941060 5591965060
30 5591965060 5591989060
31 5591989060 5592013060
32 5592013060 5592037060
33 5592037060 5592061060
34 5592061060 5592085060
35 5592085060 5592109060
36 5592109060 5592133060
37 5592133060 5592157060
38 5592157060 5592181060
39 5592181060 5592205060
40 5592205060 5592229060
41 5592229060 5592253060
42 5592253060 5592277060
43 5592277060 5592301060
44 5592301060 5592325060
45 5592325060 5592349060
46 5592349060 5592373060
47 5592373060 5592397060
48 5592397060 5592421060
49 5592421060 5592445060
50 5592445060 5592469060
51 5592469060 5592493060
52 5592493060 5592517060
53 5592517060 5592541060
54 5592541060 5592565060
55 5592565060 5592589060
56 5592589060 5592613060
57 5592613060 5592637060
58 5592637060 5592661060
59 5592661060 5592685060
60 5592685060 5592709060
61 5592709060 5592733060
62 5592733060 5592757060
63 5592757060 5592781060
64 5592781060 5592805060
65 5592805060 5592829060
66 5592829060 5592853060
67 5592853060 5592877060
68 5592877060 5592901060
69 5592901060 5592925060
70 5592925060 5592949060
71 5592949060 5592973060
72 5592973060 5592997060
73 5592997060 5593021060
74 5593021060 5593045060
75 5593045060 5593069060
76 5593069060 5593093060
77 5593093060 5593117060
78 5593117060 5593141060
79 5593141060 5593165060
80 5593165060 5593189060
81 5593189060 5593213060
82 5593213060 5593237060
83 5593237060 5593261060
84 5593261060 5593285060
85 5593285060 5593309060
86 5593309060 5593333060
87 5593333060 5593357060
88 5593357060 5593381060
89 5593381060 5593405060
90 5593405060 5593429060
91 5593429060 5593453060
92 5593453060 5593477060
93 5593477060 5593501060
94 5593501060 5593525060
95 5593525060 5593549060
96 5593549060 5593573060
97 5593573060 5593597060
98 5593597060 5593621060
99 5593621060 5593645060
100 5593645060 5593669060
101 5593669060 5593693060
102 5593693060 5593717060
103 5593717060 5593741060
104 5593741060 5593765060
105 5593765060 5593789060
106 5593789060 5593813060
107 5593813060 5593837060
108 5593837060 5593861060
109 5593861060 5593885060
110 5593885060 5593909060
111 5593909060 5593933060
112 5593933060 5593957060
113 5593957060 5593981060
114 5593981060 5594005060
115 5594005060 5594029060
116 5594029060 5594053060
117 5594053060 5594077060
118 5594077060 5594101060
119 5594101060 5594125060
120 5594125060 5594149060
121 5594149060 5594173060
122 5594173060 5594197060
123 5594197060 5594221060
124 5594221060 5594245060
125 5594245060 5594269060
126 5594269060 5594293060
127 5594293060 5594317060
128 5594317060 5594341060
129 5594341060 5594365060
130 5594365060 5594389060
131 5594389060 5594413060
132 5594413060 5594437060
133 5594437060 5594461060
134 5594461060 5594485060
135 5594485060 5594509060
136 5594509060 5594533060
137 5594533060 5594557060
138 5594557060 5594581060
139 5594581060 5594605060
140 5594605060 5594629060
141 5594629060 5594653060
142 5594653060 5594677060
143 5594677060 5594701060
144 5594701060 5594725060
145 5594725060 5594749060
146 5594749060 5594773060
147 5594773060 5594797060
148 5594797060 5594821060
149 5594821060 5594845060
150 5594845060 5594869060
151 5594869060 5594893060
152 5594893060 5594917060
153 5594917060 5594941060
154 5594941060 5594965060
155 5594965060 5594989060
156 5594989060 5595013060
157 5595013060 5595037060
158 5595037060 5595061060
159 5595061060 5595085060
160 5595085060 5595109060
161 5595109060 5595133060
162 5595133060 5595157060
163 5595157060 5595181060
164 5595181060 5595205060
165 5595205060 5595229060
166 5595229060 5595253060
167 5595253060 5595277060
168 5595277060 5595301060
169 5595301060 5595325060
170 5595325060 5595349060
171 5595349060 5595373060
172 5595373060 5595397060
173 5595397060 5595421060
174 5595421060 5595445060
175 5595445060 5595469060
176 5595469060 5595493060
177 5595493060 5595517060
178 5595517060 5595541060
179 5595541060 5595565060
180 5595565060 5595589060
181 5595589060 5595613060
182 5595613060 5595637060
183 5595637060 5595661060
184 5595661060 5595685060
185 5595685060 5595709060
186 5595709060 5595733060
187 5595733060 5595757060
188 5595757060 5595781060
189 5595781060 5595805060
190 5595805060 5595829060
191 5595829060 5595853060
192 5595853060 5595877060
193 5595877060 5595901060
194 5595901060 5595925060
195 5595925060 5595949060
196 5595949060 5595973060
197 5595973060 5595997060
198 5595997060 5596021060
199 5596021060 5596045060
200 5596045060 5596069060
201 5596069060 5596093060
202 5596093060 5596117060
203 5596117060 5596141060
204 5596141060 5596165060
205 5596165060 5596189060
206 5596189060 5596213060
207 5596213060 5596237060
208 5596237060 5596261060
209 5596261060 5596285060
210 5596285060 5596309060
211 5596309060 5596333060
212 5596333060 5596357060
213 5596357060 5596381060
214 5596381060 5596405060
215 5596405060 5596429060
216 5596429060 5596453060
217 5596453060 5596477060
218 5596477060 5596501060
219 5596501060 5596525060
220 5596525060 5596549060
221 5596549060 5596573060
222 5596573060 5596597060
223 5596597060 5596621060
224 5596621060 5596645060
225 5596645060 5596669060
226 5596669060 5596693060
227 5596693060 5596717060
228 5596717060 5596741060
229 5596741060 5596765060
230 5596765060 5596789060
231 5596789060 5596813060
232 5596813060 5596837060
233 5596837060 5596861060
234 5596861060 5596885060
235 5596885060 5596909060
236 5596909060 5596933060
237 5596933060 5596957060
238 5596957060 5596981060
239 5596981060 5597005060
240 5597005060 5597029060
241 5597029060 5597053060
242 5597053060 5597077060
243 5597077060 5597101060
244 5597101060 5597125060
245 5597125060 5597149060
246 5597149060 5597173060
247 5597173060 5597197060
248 5597197060 5597221060
249 5597221060 5597245060
250 5597245060 5597269060
251 5597269060 5597293060
252 5597293060 5597317060
253 5597317060 5597341060
254 5597341060 5597365060
255 5597365060 5597389060
256 5597389060 5597413060
257 5597413060 5597437060
258 5597437060 5597461060
259 5597461060 5597485060
260 5597485060 5597509060
261 5597509060 5597533060
262 5597533060 5597557060
263 5597557060 5597581060
264 5597581060 5597605060
265 5597605060 5597629060
266 5597629060 5597653060
267 5597653060 5597677060
268 5597677060 5597701060
269 5597701060 5597725060
270 5597725060 5597749060
271 5597749060 5597773060
272 5597773060 5597797060
273 5597797060 5597821060
274 5597821060 5597845060
275 5597845060 5597869060
276 5597869060 5597893060
277 5597893060 5597917060
278 5597917060 5597941060
279 5597941060 5597965060
280 5597965060 5597989060
281 5597989060 5598013060
282 5598013060 5598037060
283 5598037060 5598061060
284 5598061060 5598085060
285 5598085060 5598109060
286 5598109060 5598133060
287 5598133060 5598157060
288 5598157060 5598181060
289 5598181060 5598205060
290 5598205060 5598229060
291 5598229060 5598253060
292 5598253060 5598277060
293 5598277060 5598301060
294 5598301060 5598325060
295 5598325060 5598349060
296 5598349060 5598373060
297 5598373060 5598397060
298 5598397060 5598421060
299 5598421060 5598445060
300 5598445060 5598469060
301 5598469060 5598493060
302 5598493060 5598517060
303 5598517060 5598541060
304 5598541060 5598565060
305 5598565060 5598589060
306 5598589060 5598613060
307 5598613060 5598637060
308 5598637060 5598661060
309 5598661060 5598685060
310 5598685060 5598709060
311 5598709060 5598733060
312 5598733060 5598757060
313 5598757060 5598781060
314 5598781060 5598805060
315 5598805060 5598829060
316 5598829060 5598853060
317 5598853060 5598877060
318 5598877060 5598901060
319 5598901060 5598925060
320 5598925060 5598949060
321 5598949060 5598973060
322 5598973060 5598997060
323 5598997060 5599021060
324 5599021060 5599045060
325 5599045060 5599069060
326 5599069060 5599093060
327 5599093060 5599117060
328 5599117060 5599141060
329 5599141060 5599165060
330 5599165060 5599189060
331 5599189060 5599213060
332 5599213060 5599237060
333 5599237060 5599261060
334 5599261060 5599285060
335 5599285060 5599309060
336 5599309060 5599333060
337 5599333060 5599357060
338 5599357060 5599381060
339 5599381060 5599405060
340 5599405060 5599429060
341 5599429060 5599453060
342 5599453060 5599477060
343 5599477060 5599501060
344 5599501060 5599525060
345 5599525060 5599549060
346 5599549060 5599573060
347 5599573060 5599597060
348 5599597060 5599621060
349 5599621060 5599645060
350 5599645060 5599669060
351 5599669060 5599693060
352 5599693060 5599717060
353 5599717060 5599741060
354 5599741060 5599765060
355 5599765060 5599789060
356 5599789060 5599813060
357 5599813060 5599837060
358 5599837060 5599861060
359 5599861060 5599885060
360 5599885060 5599909060
361 5599909060 5599933060
362 5599933060 5599957060
363 5599957060 5599981060
364 5599981060 5600005060
365 5600005060 5600029060
366 5600029060 5600053060
367 5600053060 5600077060
368 5600077060 5600101060
369 5600101060 5600125060
370 5600125060 5600149060
371 5600149060 5600173060
372 5600173060 5600197060
373 5600197060 5600221060
374 5600221060 5600245060
375 5600245060 5600269060
376 5600269060 5600293060
377 5600293060 5600317060
378 5600317060 5600341060
379 5600341060 5600365060
380 5600365060 5600389060
381 5600389060 5600413060
382 5600413060 5600437060
383 5600437060 5600461060
384 5600461060 5600485060
385 5600485060 5600509060
386 5600509060 5600533060
387 5600533060 5600557060
388 5600557060 5600581060
389 5600581060 5600605060
390 5600605060 5600629060
391 5600629060 5600653060
392 5600653060 5600677060
393 5600677060 5600701060
394 5600701060 5600725060
395 5600725060 5600749060
396 5600749060 5600773060
397 5600773060 5600797060
398 5600797060 5600821060
399 5600821060 5600845060
400 5600845060 5600869060
401 5600869060 5600893060
402 5600893060 5600917060
403 5600917060 5600941060
404 5600941060 5600965060
405 5600965060 5600989060
406 5600989060 5601013060
407 5601013060 5601037060
408 5601037060 5601061060
409 5601061060 5601085060
410 5601085060 5601109060
411 5601109060 5601133060
412 5601133060 5601157060
413 5601157060 5601181060
414 5601181060 5601205060
415 5601205060 5601229060
416 5601229060 5601253060
417 5601253060 5601277060
418 5601277060 5601301060
419 5601301060 5601325060
420 5601325060 5601349060
421 5601349060 5601373060
422 5601373060 5601397060
423 5601397060 5601421060
424 5601421060 5601445060
425 5601445060 5601469060
426 5601469060 5601493060
427 5601493060 5601517060
428 5601517060 5601541060
429 5601541060 5601565060
430 5601565060 5601589060
431 5601589060 5601613060
432 5601613060 5601637060
433 5601637060 5601661060
434 5601661060 5601685060
435 5601685060 5601709060
436 5601709060 5601733060
437 5601733060 5601757060
438 5601757060 5601781060
439 5601781060 5601805060
440 5601805060 5601829060
441 5601829060 5601853060
442 5601853060 5601877060
443 5601877060 5601901060
444 5601901060 5601925060
445 5601925060 5601949060
446 5601949060 5601973060
447 5601973060 5601997060
448 5601997060 5602021060
449 5602021060 5602045060
450 5602045060 5602069060
451 5602069060 5602093060
452 5602093060 5602117060
453 5602117060 5602141060
454 5602141060 5602165060
455 5602165060 5602189060
456 5602189060 5602213060
457 5602213060 5602237060
458 5602237060 5602261060
459 5602261060 5602285060
460 5602285060 5602309060
461 5602309060 5602333060
462 5602333060 5602357060
463 5602357060 5602381060
464 5602381060 5602405060
465 5602405060 5602429060
466 5602429060 5602453060
467 5602453060 5602477060
468 5602477060 5602501060
469 5602501060 5602525060
470 5602525060 5602549060
471 5602549060 5602573060
472 5602573060 5602597060
473 5602597060 5602621060
474 5602621060 5602645060
475 5602645060 5602669060
476 5602669060 5602693060
477 5602693060 5602717060
478 5602717060 5602741060
479 5602741060 5602765060
480 5602765060 5602789060
481 5602789060 5602813060
482 5602813060 5602837060
483 5602837060 5602861060
484 5602861060 5602885060
485 5602885060 5602909060
486 5602909060 5602933060
487 5602933060 5602957060
488 5602957060 5602981060
489 5602981060 5603005060
490 5603005060 5603029060
491 5603029060 5603053060
492 5603053060 5603077060
493 5603077060 5603101060
494 5603101060 5603125060
495 5603125060 5603149060
496 5603149060 5603173060
497 5603173060 5603197060
498 5603197060 5603221060
499 5603221060 5603245060
500 5603245060 5603269060
501 5603269060 5603293060
502 5603293060 5603317060
503 5603317060 5603341060
504 5603341060 5603365060
505 5603365060 5603389060
506 5603389060 5603413060
507 5603413060 5603437060
508 5603437060 5603461060
509 5603461060 5603485060
510 5603485060 5603509060
511 5603509060 5603533060
512 5603533060 5603557060
513 5603557060 5603581060
514 5603581060 5603605060
515 5603605060 5603629060
516 5603629060 5603653060
517 5603653060 5603677060
518 5603677060 5603701060
519 5603701060 5603725060
520 5603725060 5603749060
521 5603749060 5603773060
522 5603773060 5603797060
523 5603797060 5603821060
524 5603821060 5603845060
525 5603845060 5603869060
526 5603869060 5603893060
527 5603893060 5603917060
528 5603917060 5603941060
529 5603941060 5603965060
530 5603965060 5603989060
531 5603989060 5604013060
532 5604013060 5604037060
533 5604037060 5604061060
534 5604061060 5604085060
535 5604085060 5604109060
536 5604109060 5604133060
537 5604133060 5604157060
538 5604157060 5604181060
539 5604181060 5604205060
540 5604205060 5604229060
541 5604229060 5604253060
542 5604253060 5604277060
543 5604277060 5604301060
544 5604301060 5604325060
545 5604325060 5604349060
546 5604349060 5604373060
547 5604373060 5604397060
548 5604397060 5604421060
549 5604421060 5604445060
550 5604445060 5604469060
551 5604469060 5604493060
552 5604493060 5604517060
553 5604517060 5604541060
554 5604541060 5604565060
555 5604565060 5604589060
556 5604589060 5604613060
557 5604613060 5604637060
558 5604637060 5604661060
559 5604661060 5604685060
560 5604685060 5604709060
561 5604709060 5604733060
562 5604733060 5604757060
563 5604757060 5604781060
564 5604781060 5604805060
565 5604805060 5604829060
566 5604829060 5604853060
567 5604853060 5604877060
568 5604877060 5604901060
569 5604901060 5604925060
570 5604925060 5604949060
571 5604949060 5604973060
572 5604973060 5604997060
573 5604997060 5605021060
574 5605021060 5605045060
575 5605045060 5605069060
576 5605069060 5605093060
577 5605093060 5605117060
578 5605117060 5605141060
579 5605141060 5605165060
580 5605165060 5605189060
581 5605189060 5605213060
582 5605213060 5605237060
583 5605237060 5605261060
584 5605261060 5605285060
585 5605285060 5605309060
586 5605309060 5605333060
587 5605333060 5605357060
588 5605357060 5605381060
589 5605381060 5605405060
590 5605405060 5605429060
591 5605429060 5605453060
592 5605453060 5605477060
593 5605477060 5605501060
594 5605501060 5605525060
595 5605525060 5605549060
596 5605549060 5605573060
597 5605573060 5605597060
598 5605597060 5605621060
599 5605621060 5605645060
600 5605645060 5605669060
601 5605669060 5605693060
602 5605693060 5605717060
603 5605717060 5605741060
604 5605741060 5605765060
605 5605765060 5605789060
606 5605789060 5605813060
607 5605813060 5605837060
608 5605837060 5605861060
609 5605861060 5605885060
610 5605885060 5605909060
611 5605909060 5605933060
612 5605933060 5605957060
613 5605957060 5605981060
614 5605981060 5606005060
615 5606005060 5606029060
616 5606029060 5606053060
617 5606053060 5606077060
618 5606077060 5606101060
619 5606101060 5606125060
620 5606125060 5606149060
621 5606149060 5606173060
622 5606173060 5606197060
623 5606197060 5606221060
624 5606221060 5606245060
625 5606245060 5606269060
626 5606269060 5606293060
627 5606293060 5606317060
628 5606317060 5606341060
629 5606341060 5606365060
630 5606365060 5606389060
631 5606389060 5606413060
632 5606413060 5606437060
633 5606437060 5606461060
634 5606461060 5606485060
635 5606485060 5606509060
636 5606509060 5606533060
637 5606533060 5606557060
638 5606557060 5606581060
639 5606581060 5606605060
640 5606605060 5606629060
641 5606629060 5606653060
642 5606653060 5606677060
643 5606677060 5606701060
644 5606701060 5606725060
645 5606725060 5606749060
646 5606749060 5606773060
647 5606773060 5606797060
648 5606797060 5606821060
649 5606821060 5606845060
650 5606845060 5606869060
651 5606869060 5606893060
652 5606893060 5606917060
653 5606917060 5606941060
654 5606941060 5606965060
655 5606965060 5606989060
656 5606989060 5607013060
657 5607013060 5607037060
658 5607037060 5607061060
659 5607061060 5607085060
660 5607085060 5607109060
661 5607109060 5607133060
662 5607133060 5607157060
663 5607157060 5607181060
664 5607181060 5607205060
665 5607205060 5607229060
666 5607229060 5607253060
667 5607253060 5607277060
668 5607277060 5607301060
669 5607301060 5607325060
670 5607325060 5607349060
671 5607349060 5607373060
672 5607373060 5607397060
673 5607397060 5607421060
674 5607421060 5607445060
675 5607445060 5607469060
676 5607469060 5607493060
677 5607493060 5607517060
678 5607517060 5607541060
679 5607541060 5607565060
680 5607565060 5607589060
681 5607589060 5607613060
682 5607613060 5607637060
683 5607637060 5607661060
684 5607661060 5607685060
685 5607685060 5607709060
686 5607709060 5607733060
687 5607733060 5607757060
688 5607757060 5607781060
689 5607781060 5607805060
690 5607805060 5607829060
691 5607829060 5607853060
692 5607853060 5607877060
693 5607877060 5607901060
694 5607901060 5607925060
695 5607925060 5607949060
696 5607949060 5607973060
697 5607973060 5607997060
698 5607997060 5608021060
699 5608021060 5608045060
700 5608045060 5608069060
701 5608069060 5608093060
702 5608093060 5608117060
703 5608117060 5608141060
704 5608141060 5608165060
705 5608165060 5608189060
706 5608189060 5608213060
707 5608213060 5608237060
708 5608237060 5608261060
709 5608261060 5608285060
710 5608285060 5608309060
711 5608309060 5608333060
712 5608333060 5608357060
713 5608357060 5608381060
714 5608381060 5608405060
715 5608405060 5608429060
716 5608429060 5608453060
717 5608453060 5608477060
718 5608477060 5608501060
719 5608501060 5608525060
720 5608525060 5608549060
721 5608549060 5608573060
722 5608573060 5608597060
723 5608597060 5608621060
724 5608621060 5608645060
725 5608645060 5608669060
726 5608669060 5608693060
727 5608693060 5608717060
728 5608717060 5608741060
729 5608741060 5608765060
730 5608765060 5608789060
731 5608789060 5608813060
732 5608813060 5608837060
733 5608837060 5608861060
734 5608861060 5608885060
735 5608885060 5608909060
736 5608909060 5608933060
737 5608933060 5608957060
738 5608957060 5608981060
739 5608981060 5609005060
740 5609005060 5609029060
741 5609029060 5609053060
742 5609053060 5609077060
743 5609077060 5609101060
744 5609101060 5609125060
745 5609125060 5609149060
746 5609149060 5609173060
747 5609173060 5609197060
748 5609197060 5609221060
749 5609221060 5609245060
750 5609245060 5609269060
751 5609269060 5609293060
752 5609293060 5609317060
753 5609317060 5609341060
754 5609341060 5609365060
755 5609365060 5609389060
756 5609389060 5609413060
757 5609413060 5609437060
758 5609437060 5609461060
759 5609461060 5609485060
760 5609485060 5609509060
761 5609509060 5609533060
762 5609533060 5609557060
763 5609557060 5609581060
764 5609581060 5609605060
765 5609605060 5609629060
766 5609629060 5609653060
767 5609653060 5609677060
768 5609677060 5609701060
769 5609701060 5609725060
770 5609725060 5609749060
771 5609749060 5609773060
772 5609773060 5609797060
773 5609797060 5609821060
774 5609821060 5609845060
775 5609845060 5609869060
776 5609869060 5609893060
777 5609893060 5609917060
778 5609917060 5609941060
779 5609941060 5609965060
780 5609965060 5609989060
781 5609989060 5610013060
782 5610013060 5610037060
783 5610037060 5610061060
784 5610061060 5610085060
785 5610085060 5610109060
786 5610109060 5610133060
787 5610133060 5610157060
788 5610157060 5610181060
789 5610181060 5610205060
790 5610205060 5610229060
791 5610229060 5610253060
792 5610253060 5610277060
793 5610277060 5610301060
794 5610301060 5610325060
795 5610325060 5610349060
796 5610349060 5610373060
797 5610373060 5610397060
798 5610397060 5610421060
799 5610421060 5610445060
800 5610445060 5610469060
801 5610469060 5610493060
802 5610493060 5610517060
803 5610517060 5610541060
804 5610541060 5610565060
805 5610565060 5610589060
806 5610589060 5610613060
807 5610613060 5610637060
808 5610637060 5610661060
809 5610661060 5610685060
810 5610685060 5610709060
811 5610709060 5610733060
812 5610733060 5610757060
813 5610757060 5610781060
814 5610781060 5610805060
815 5610805060 5610829060
816 5610829060 5610853060
817 5610853060 5610877060
818 5610877060 5610901060
819 5610901060 5610925060
820 5610925060 5610949060
821 5610949060 5610973060
822 5610973060 5610997060
823 5610997060 5611021060
824 5611021060 5611045060
825 5611045060 5611069060
826 5611069060 5611093060
827 5611093060 5611117060
828 5611117060 5611141060
829 5611141060 5611165060
830 5611165060 5611189060
831 5611189060 5611213060
832 5611213060 5611237060
833 5611237060 5611261060
834 5611261060 5611285060
835 5611285060 5611309060
836 5611309060 5611333060
837 5611333060 5611357060
838 5611357060 5611381060
839 5611381060 5611405060
840 5611405060 5611429060
841 5611429060 5611453060
842 5611453060 5611477060
843 5611477060 5611501060
844 5611501060 5611525060
845 5611525060 5611549060
846 5611549060 5611573060
847 5611573060 5611597060
848 5611597060 5611621060
849 5611621060 5611645060
850 5611645060 5611669060
851 5611669060 5611693060
852 5611693060 5611717060
853 5611717060 5611741060
854 5611741060 5611765060
855 5611765060 5611789060
856 5611789060 5611813060
857 5611813060 5611837060
858 5611837060 5611861060
859 5611861060 5611885060
860 5611885060 5611909060
861 5611909060 5611933060
862 5611933060 5611957060
863 5611957060 5611981060
864 5611981060 5612005060
865 5612005060 5612029060
866 5612029060 5612053060
867 5612053060 5612077060
868 5612077060 5612101060
869 5612101060 5612125060
870 5612125060 5612149060
871 5612149060 5612173060
872 5612173060 5612197060
873 5612197060 5612221060
874 5612221060 5612245060
875 5612245060 5612269060
876 5612269060 5612293060
877 5612293060 5612317060
878 5612317060 5612341060
879 5612341060 5612365060
880 5612365060 5612389060
881 5612389060 5612413060
882 5612413060 5612437060
883 5612437060 5612461060
884 5612461060 5612485060
885 5612485060 5612509060
886 5612509060 5612533060
887 5612533060 5612557060
888 5612557060 5612581060
889 5612581060 5612605060
890 5612605060 5612629060
891 5612629060 5612653060
892 5612653060 5612677060
893 5612677060 5612701060
894 5612701060 5612725060
895 5612725060 5612749060
896 5612749060 5612773060
897 5612773060 5612797060
898 5612797060 5612821060
899 5612821060 5612845060
900 5612845060 5612869060
901 5612869060 5612893060
902 5612893060 5612917060
903 5612917060 5612941060
904 5612941060 5612965060
905 5612965060 5612989060
906 5612989060 5613013060
907 5613013060 5613037060
908 5613037060 5613061060
909 5613061060 5613085060
910 5613085060 5613109060
911 5613109060 5613133060
912 5613133060 5613157060
913 5613157060 5613181060
914 5613181060 5613205060
915 5613205060 5613229060
916 5613229060 5613253060
917 5613253060 5613277060
918 5613277060 5613301060
919 5613301060 5613325060
920 5613325060 5613349060
921 5613349060 5613373060
922 5613373060 5613397060
923 5613385060 5613409060
924 5613397060 5613421060
925 5613408060 5613432060
926 5613421060 5613445060
927 5613445060 5613469060
928 5613469060 5613493060
929 5613493060 5613517060
930 5613517060 5613541060
931 5613541060 5613565060
932 5613565060 5613589060
933 5613589060 5613613060
934 5613613060 5613637060
935 5613637060 5613661060
936 5613661060 5613685060
937 5613685060 5613709060
938 5613709060 5613733060
939 5613733060 5613757060
940 5613757060 5613781060
941 5613781060 5613805060
942 5613805060 5613829060
943 5613829060 5613853060
944 5613853060 5613877060
945 5613877060 5613901060
946 5613901060 5613925060
947 5613925060 5613949060
948 5613949060 5613973060
949 5613973060 5613997060
950 5613997060 5614021060
951 5614021060 5614045060
952 5614045060 5614069060
953 5614069060 5614093060
954 5614093060 5614117060
955 5614117060 5614141060
956 5614141060 5614165060
957 5614165060 5614189060
958 5614189060 5614213060
959 5614213060 5614237060
960 5614237060 5614261060
961 5614261060 5614285060
962 5614285060 5614309060
963 5614309060 5614333060
964 5614333060 5614357060
965 5614357060 5614381060
966 5614381060 5614405060
967 5614405060 5614429060
968 5614429060 5614453060
969 5614453060 5614477060
970 5614477060 5614501060
971 5614501060 5614525060
972 5614525060 5614549060
973 5614549060 5614573060
974 5614573060 5614597060
975 5614597060 5614621060
976 5614621060 5614645060
977 5614645060 5614669060
978 5614669060 5614693060
979 5614693060 5614717060
980 5614717060 5614741060
981 5614741060 5614765060
982 5614765060 5614789060
983 5614789060 5614813060
984 5614813060 5614837060
985 5614837060 5614861060
986 5614861060 5614885060
987 5614885060 5614909060
988 5614909060 5614933060
989 5614933060 5614957060
990 5614957060 5614981060
991 5614981060 5615005060
992 5615005060 5615029060
993 5615029060 5615053060
994 5615053060 5615077060
995 5615077060 5615101060
996 5615101060 5615125060
997 5615125060 5615149060
998 5615149060 5615173060
999 5615173060 5615197060
1000 5615197060 5615221060
1001 5615221060 5615245060
1002 5615245060 5615269060
1003 5615269060 5615293060
1004 5615293060 5615317060
1005 5615317060 5615341060
1006 5615341060 5615365060
1007 5615365060 5615389060
1008 5615389060 5615413060
1009 5615413060 5615437060
1010 5615437060 5615461060
1011 5615461060 5615485060
1012 5615485060 5615509060
1013 5615509060 5615533060
1014 5615533060 5615557060
1015 5615557060 5615581060
1016 5615581060 5615605060
1017 5615605060 5615629060
1018 5615629060 5615653060
1019 5615653060 5615677060
1020 5615677060 5615701060
1021 5615701060 5615725060
1022 5615725060 5615749060
1023 5615749060 5615773060
1024 5615773060 5615797060
1025 5615797060 5615821060
1026 5615821060 5615845060
1027 5615845060 5615869060
1028 5615869060 5615893060
1029 5615893060 5615917060
1030 5615917060 5615941060
1031 5615941060 5615965060
1032 5615965060 5615989060
1033 5615989060 5616013060
1034 5616013060 5616037060
1035 5616037060 5616061060
1036 5616061060 5616085060
1037 5616085060 5616109060
1038 5616109060 5616133060
1039 5616133060 5616157060
1040 5616157060 5616181060
1041 5616181060 5616205060
1042 5616205060 5616229060
1043 5616229060 5616253060
1044 5616253060 5616277060
1045 5616277060 5616301060
1046 5616301060 5616325060
1047 5616325060 5616349060
1048 5616349060 5616373060
1049 5616373060 5616397060
1050 5616397060 5616421060
1051 5616421060 5616445060
1052 5616445060 5616469060
1053 5616469060 5616493060
1054 5616493060 5616517060
1055 5616517060 5616541060
1056 5616541060 5616565060
1057 5616565060 5616589060
1058 5616589060 5616613060
1059 5616613060 5616637060
1060 5616637060 5616661060
1061 5616661060 5616685060
1062 5616685060 5616709060
1063 5616709060 5616733060
1064 5616733060 5616757060
1065 5616757060 5616781060
1066 5616781060 5616805060
1067 5616805060 5616829060
1068 5616829060 5616853060
1069 5616853060 5616877060
1070 5616877060 5616901060
1071 5616901060 5616925060
1072 5616925060 5616949060
1073 5616949060 5616973060
1074 5616973060 5616997060
1075 5616997060 5617021060
1076 5617021060 5617045060
1077 5617045060 5617069060
1078 5617069060 5617093060
1079 5617093060 5617117060
1080 5617117060 5617141060
1081 5617141060 5617165060
1082 5617165060 5617189060
1083 5617189060 5617213060
1084 5617213060 5617237060
1085 5617237060 5617261060
1086 5617261060 5617285060
1087 5617285060 5617309060
1088 5617309060 5617333060
1089 5617333060 5617357060
1090 5617357060 5617381060
1091 5617381060 5617405060
1092 5617405060 5617429060
1093 5617429060 5617453060
1094 5617453060 5617477060
1095 5617477060 5617501060
1096 5617501060 5617525060
1097 5617525060 5617549060
1098 5617549060 5617573060
1099 5617573060 5617597060
1100 5617597060 5617621060
1101 5617621060 5617645060
1102 5617645060 5617669060
1103 5617669060 5617693060
1104 5617693060 5617717060
1105 5617717060 5617741060
1106 5617741060 5617765060
1107 5617765060 5617789060
1108 5617789060 5617813060
1109 5617813060 5617837060
1110 5617837060 5617861060
1111 5617861060 5617885060
1112 5617885060 5617909060
1113 5617909060 5617933060
1114 5617933060 5617957060
1115 5617957060 5617981060
1116 5617981060 5618005060
1117 5618005060 5618029060
1118 5618029060 5618053060
1119 5618053060 5618077060
1120 5618077060 5618101060
1121 5618101060 5618125060
1122 5618125060 5618149060
1123 5618149060 5618173060
1124 5618173060 5618197060
1125 5618197060 5618221060
1126 5618221060 5618245060
1127 5618245060 5618269060
1128 5618269060 5618293060
1129 5618293060 5618317060
1130 5618317060 5618341060
1131 5618341060 5618365060
1132 5618365060 5618389060
1133 5618389060 5618413060
1134 5618413060 5618437060
1135 5618437060 5618461060
1136 5618461060 5618485060
1137 5618485060 5618509060
1138 5618509060 5618533060
1139 5618533060 5618557060
1140 5618557060 5618581060
1141 5618581060 5618605060
1142 5618605060 5618629060
1143 5618629060 5618653060
1144 5618653060 5618677060
1145 5618677060 5618701060
1146 5618701060 5618725060
1147 5618725060 5618749060
1148 5618749060 5618773060
1149 5618773060 5618797060
1150 5618797060 5618821060
1151 5618821060 5618845060
1152 5618845060 5618869060
1153 5618869060 5618893060
1154 5618893060 5618917060
1155 5618917060 5618941060
1156 5618941060 5618965060
1157 5618965060 5618989060
1158 5618989060 5619013060
1159 5619013060 5619037060
1160 5619037060 5619061060
1161 5619061060 5619085060
1162 5619085060 5619109060
1163 5619109060 5619133060
1164 5619133060 5619157060
1165 5619157060 5619181060
1166 5619181060 5619205060
1167 5619205060 5619229060
1168 5619229060 5619253060
1169 5619253060 5619277060
1170 5619277060 5619301060
1171 5619301060 5619325060
1172 5619325060 5619349060
1173 5619349060 5619373060
1174 5619373060 5619397060
1175 5619397060 5619421060
1176 5619421060 5619445060
1177 5619445060 5619469060
1178 5619469060 5619493060
1179 5619493060 5619517060
1180 5619517060 5619541060
1181 5619541060 5619565060
1182 5619565060 5619589060
1183 5619589060 5619613060
1184 5619613060 5619637060
1185 5619637060 5619661060
1186 5619661060 5619685060
1187 5619685060 5619709060
1188 5619709060 5619733060
1189 5619733060 5619757060
1190 5619757060 5619781060
1191 5619781060 5619805060
1192 5619805060 5619829060
1193 5619829060 5619853060
1194 5619853060 5619877060
1195 5619877060 5619901060
1196 5619901060 5619925060
1197 5619925060 5619949060
1198 5619949060 5619973060
1199 5619973060 5619997060
1200 5619997060 5620021060
1201 5620021060 5620045060
1202 5620045060 5620069060
1203 5620069060 5620093060
1204 5620093060 5620117060
1205 5620117060 5620141060
1206 5620141060 5620165060
1207 5620165060 5620189060
1208 5620189060 5620213060
1209 5620213060 5620237060
1210 5620237060 5620261060
1211 5620261060 5620285060
1212 5620285060 5620309060
1213 5620309060 5620333060
1214 5620333060 5620357060
1215 5620357060 5620381060
1216 5620381060 5620405060
1217 5620405060 5620429060
1218 5620429060 5620453060
1219 5620453060 5620477060
1220 5620477060 5620501060
1221 5620501060 5620525060
1222 5620525060 5620549060
1223 5620549060 5620573060
1224 5620573060 5620597060
1225 5620597060 5620621060
1226 5620621060 5620645060
1227 5620645060 5620669060
1228 5620669060 5620693060
1229 5620693060 5620717060
1230 5620717060 5620741060
1231 5620741060 5620765060
1232 5620765060 5620789060
1233 5620789060 5620813060
1234 5620813060 5620837060
1235 5620837060 5620861060
1236 5620861060 5620885060
1237 5620885060 5620909060
1238 5620909060 5620933060
1239 5620933060 5620957060
1240 5620957060 5620981060
1241 5620981060 5621005060
1242 5621005060 5621029060
1243 5621029060 5621053060
1244 5621053060 5621077060
1245 5621077060 5621101060
1246 5621101060 5621125060
1247 5621125060 5621149060
1248 5621149060 5621173060
1249 5621173060 5621197060
1250 5621197060 5621221060
1251 5621221060 5621245060
1252 5621245060 5621269060
1253 5621269060 5621293060
1254 5621293060 5621317060
1255 5621317060 5621341060
1256 5621341060 5621365060
1257 5621365060 5621389060
1258 5621389060 5621413060
1259 5621413060 5621437060
1260 5621437060 5621461060
1261 5621461060 5621485060
1262 5621485060 5621509060
1263 5621509060 5621533060
1264 5621533060 5621557060
1265 5621557060 5621581060
1266 5621581060 5621605060
1267 5621605060 5621629060
1268 5621629060 5621653060
1269 5621653060 5621677060
1270 5621677060 5621701060
1271 5621701060 5621725060
1272 5621725060 5621749060
1273 5621749060 5621773060
1274 5621773060 5621797060
1275 5621797060 5621821060
1276 5621821060 5621845060
1277 5621845060 5621869060
1278 5621869060 5621893060
1279 5621893060 5621917060
1280 5621917060 5621941060
1281 5621941060 5621965060
1282 5621965060 5621989060
1283 5621989060 5622013060
1284 5622013060 5622037060
1285 5622037060 5622061060
1286 5622061060 5622085060
1287 5622085060 5622109060
1288 5622109060 5622133060
1289 5622133060 5622157060
1290 5622157060 5622181060
1291 5622181060 5622205060
1292 5622205060 5622229060
1293 5622229060 5622253060
1294 5622253060 5622277060
1295 5622277060 5622301060
1296 5622301060 5622325060
1297 5622325060 5622349060
1298 5622349060 5622373060
1299 5622373060 5622397060
1300 5622397060 5622421060
1301 5622421060 5622445060
1302 5622445060 5622469060
1303 5622469060 5622493060
1304 5622493060 5622517060
1305 5622517060 5622541060
1306 5622541060 5622565060
1307 5622565060 5622589060
1308 5622589060 5622613060
1309 5622613060 5622637060
1310 5622637060 5622661060
1311 5622661060 5622685060
1312 5622685060 5622709060
1313 5622709060 5622733060
1314 5622733060 5622757060
1315 5622757060 5622781060
1316 5622781060 5622805060
1317 5622805060 5622829060
1318 5622829060 5622853060
1319 5622853060 5622877060
1320 5622877060 5622901060
1321 5622901060 5622925060
1322 5622925060 5622949060
1323 5622949060 5622973060
1324 5622973060 5622997060
1325 5622997060 5623021060
1326 5623021060 5623045060
1327 5623045060 5623069060
1328 5623069060 5623093060
1329 5623093060 5623117060
1330 5623117060 5623141060
1331 5623141060 5623165060
1332 5623165060 5623189060
1333 5623189060 5623213060
1334 5623213060 5623237060
1335 5623237060 5623261060
1336 5623261060 5623285060
1337 5623285060 5623309060
1338 5623309060 5623333060
1339 5623333060 5623357060
1340 5623357060 5623381060
1341 5623381060 5623405060
1342 5623405060 5623429060
1343 5623429060 5623453060
1344 5623453060 5623477060
1345 5623477060 5623501060
1346 5623501060 5623525060
1347 5623525060 5623549060
1348 5623549060 5623573060
1349 5623573060 5623597060
1350 5623597060 5623621060
1351 5623621060 5623645060
1352 5623645060 5623669060
1353 5623669060 5623693060
1354 5623693060 5623717060
1355 5623717060 5623741060
1356 5623741060 5623765060
1357 5623765060 5623789060
1358 5623789060 5623813060
1359 5623813060 5623837060
1360 5623837060 5623861060
1361 5623861060 5623885060
1362 5623885060 5623909060
1363 5623909060 5623933060
1364 5623933060 5623957060
1365 5623957060 5623981060
1366 5623981060 5624005060
1367 5624005060 5624029060
1368 5624029060 5624053060
1369 5624053060 5624077060
1370 5624077060 5624101060
1371 5624101060 5624125060
1372 5624125060 5624149060
1373 5624149060 5624173060
1374 5624173060 5624197060
1375 5624197060 5624221060
1376 5624221060 5624245060
1377 5624245060 5624269060
1378 5624269060 5624293060
1379 5624293060 5624317060
1380 5624317060 5624341060
1381 5624341060 5624365060
1382 5624365060 5624389060
1383 5624389060 5624413060
1384 5624413060 5624437060
1385 5624437060 5624461060
1386 5624461060 5624485060
1387 5624485060 5624509060
1388 5624509060 5624533060
1389 5624533060 5624557060
1390 5624557060 5624581060
1391 5624581060 5624605060
1392 5624605060 5624629060
1393 5624629060 5624653060
1394 5624653060 5624677060
1395 5624677060 5624701060
1396 5624701060 5624725060
1397 5624725060 5624749060
1398 5624749060 5624773060
1399 5624773060 5624797060
1400 5624797060 5624821060
1401 5624821060 5624845060
1402 5624845060 5624869060
1403 5624869060 5624893060
1404 5624893060 5624917060
1405 5624917060 5624941060
1406 5624941060 5624965060
1407 5624965060 5624989060
1408 5624989060 5625013060
1409 5625013060 5625037060
1410 5625037060 5625061060
1411 5625061060 5625085060
1412 5625085060 5625109060
1413 5625109060 5625133060
1414 5625133060 5625157060
1415 5625157060 5625181060
1416 5625181060 5625205060
1417 5625205060 5625229060
1418 5625229060 5625253060
1419 5625253060 5625277060
1420 5625277060 5625301060
1421 5625301060 5625325060
1422 5625325060 5625349060
1423 5625349060 5625373060
1424 5625373060 5625397060
1425 5625397060 5625421060
1426 5625421060 5625445060
1427 5625445060 5625469060
1428 5625469060 5625493060
1429 5625493060 5625517060
1430 5625517060 5625541060
1431 5625541060 5625565060
1432 5625565060 5625589060
1433 5625589060 5625613060
1434 5625613060 5625637060
1435 5625637060 5625661060
1436 5625661060 5625685060
1437 5625685060 5625709060
1438 5625709060 5625733060
1439 5625733060 5625757060
1440 5625757060 5625781060
1441 5625781060 5625805060
1442 5625805060 5625829060
1443 5625829060 5625853060
1444 5625853060 5625877060
1445 5625877060 5625901060
1446 5625901060 5625925060
1447 5625925060 5625949060
1448 5625949060 5625973060
1449 5625973060 5625997060
1450 5625997060 5626021060
1451 5626021060 5626045060
1452 5626045060 5626069060
1453 5626069060 5626093060
1454 5626093060 5626117060
1455 5626117060 5626141060
1456 5626141060 5626165060
1457 5626165060 5626189060
1458 5626189060 5626213060
1459 5626213060 5626237060
1460 5626237060 5626261060
1461 5626261060 5626285060
1462 5626285060 5626309060
1463 5626309060 5626333060
1464 5626333060 5626357060
1465 5626357060 5626381060
1466 5626381060 5626405060
1467 5626405060 5626429060
1468 5626429060 5626453060
1469 5626453060 5626477060
1470 5626477060 5626501060
1471 5626501060 5626525060
1472 5626525060 5626549060
1473 5626549060 5626573060
1474 5626573060 5626597060
1475 5626597060 5626621060
1476 5626621060 5626645060
1477 5626645060 5626669060
1478 5626669060 5626693060
1479 5626693060 5626717060
1480 5626717060 5626741060
1481 5626741060 5626765060
1482 5626765060 5626789060
1483 5626789060 5626813060
1484 5626813060 5626837060
1485 5626837060 5626861060
1486 5626861060 5626885060
1487 5626885060 5626909060
1488 5626909060 5626933060
1489 5626933060 5626957060
1490 5626957060 5626981060
1491 5626981060 5627005060
1492 5627005060 5627029060
1493 5627029060 5627053060
1494 5627053060 5627077060
1495 5627077060 5627101060
1496 5627101060 5627125060
1497 5627125060 5627149060
1498 5627149060 5627173060
1499 5627173060 5627197060
1500 5627197060 5627221060
1501 5627221060 5627245060
1502 5627245060 5627269060
1503 5627269060 5627293060
1504 5627293060 5627317060
1505 5627317060 5627341060
1506 5627341060 5627365060
1507 5627365060 5627389060
1508 5627389060 5627413060
1509 5627413060 5627437060
1510 5627437060 5627461060
1511 5627461060 5627485060
1512 5627485060 5627509060
1513 5627509060 5627533060
1514 5627533060 5627557060
1515 5627557060 5627581060
1516 5627581060 5627605060
1517 5627605060 5627629060
1518 5627629060 5627653060
1519 5627653060 5627677060
1520 5627677060 5627701060
1521 5627701060 5627725060
1522 5627725060 5627749060
1523 5627749060 5627773060
1524 5627773060 5627797060
1525 5627797060 5627821060
1526 5627821060 5627845060
1527 5627845060 5627869060
1528 5627869060 5627893060
1529 5627893060 5627917060
1530 5627917060 5627941060
1531 5627941060 5627965060
1532 5627965060 5627989060
1533 5627989060 5628013060
1534 5628013060 5628037060
1535 5628037060 5628061060
1536 5628061060 5628085060
1537 5628085060 5628109060
1538 5628109060 5628133060
1539 5628133060 5628157060
1540 5628157060 5628181060
1541 5628181060 5628205060
1542 5628205060 5628229060
1543 5628229060 5628253060
1544 5628253060 5628277060
1545 5628277060 5628301060
1546 5628301060 5628325060
1547 5628325060 5628349060
1548 5628349060 5628373060
1549 5628373060 5628397060
1550 5628397060 5628421060
1551 5628421060 5628445060
1552 5628445060 5628469060
1553 5628469060 5628493060
1554 5628493060 5628517060
1555 5628517060 5628541060
1556 5628541060 5628565060
1557 5628565060 5628589060
1558 5628589060 5628613060
1559 5628613060 5628637060
1560 5628637060 5628661060
1561 5628661060 5628685060
1562 5628685060 5628709060
1563 5628709060 5628733060
1564 5628733060 5628757060
1565 5628757060 5628781060
1566 5628781060 5628805060
1567 5628805060 5628829060
1568 5628829060 5628853060
1569 5628853060 5628877060
1570 5628877060 5628901060
1571 5628901060 5628925060
1572 5628925060 5628949060
1573 5628949060 5628973060
1574 5628973060 5628997060
1575 5628997060 5629021060
1576 5629021060 5629045060
1577 5629045060 5629069060
1578 5629069060 5629093060
1579 5629093060 5629117060
1580 5629117060 5629141060
1581 5629141060 5629165060
1582 5629165060 5629189060
1583 5629189060 5629213060
1584 5629213060 5629237060
1585 5629237060 5629261060
1586 5629261060 5629285060
1587 5629285060 5629309060
1588 5629309060 5629333060
1589 5629333060 5629357060
1590 5629357060 5629381060
1591 5629381060 5629405060
1592 5629405060 5629429060
1593 5629429060 5629453060
1594 5629453060 5629477060
1595 5629477060 5629501060
1596 5629501060 5629525060
1597 5629525060 5629549060
1598 5629549060 5629573060
1599 5629573060 5629597060
1600 5629597060 5629621060
1601 5629621060 5629645060
1602 5629645060 5629669060
1603 5629669060 5629693060
1604 5629693060 5629717060
1605 5629717060 5629741060
1606 5629741060 5629765060
1607 5629765060 5629789060
1608 5629789060 5629813060
1609 5629813060 5629837060
1610 5629837060 5629861060
1611 5629861060 5629885060
1612 5629885060 5629909060
1613 5629909060 5629933060
1614 5629933060 5629957060
1615 5629957060 5629981060
1616 5629981060 5630005060
1617 5630005060 5630029060
1618 5630029060 5630053060
1619 5630053060 5630077060
1620 5630077060 5630101060
1621 5630101060 5630125060
1622 5630125060 5630149060
1623 5630149060 5630173060
1624 5630173060 5630197060
1625 5630197060 5630221060
1626 5630221060 5630245060
1627 5630245060 5630269060
1628 5630269060 5630293060
1629 5630293060 5630317060
1630 5630317060 5630341060
1631 5630341060 5630365060
1632 5630365060 5630389060
1633 5630389060 5630413060
1634 5630413060 5630437060
1635 5630437060 5630461060
1636 5630461060 5630485060
1637 5630485060 5630509060
1638 5630509060 5630533060
1639 5630533060 5630557060
1640 5630557060 5630581060
1641 5630581060 5630605060
1642 5630605060 5630629060
1643 5630629060 5630653060
1644 5630653060 5630677060
1645 5630677060 5630701060
1646 5630701060 5630725060
1647 5630725060 5630749060
1648 5630749060 5630773060
1649 5630773060 5630797060
1650 5630797060 5630821060
1651 5630821060 5630845060
1652 5630845060 5630869060
1653 5630869060 5630893060
1654 5630893060 5630917060
1655 5630917060 5630941060
1656 5630941060 5630965060
1657 5630965060 5630989060
1658 5630989060 5631013060
1659 5631013060 5631037060
1660 5631037060 5631061060
1661 5631061060 5631085060
1662 5631085060 5631109060
1663 5631109060 5631133060
1664 5631133060 5631157060
1665 5631157060 5631181060
1666 5631181060 5631205060
1667 5631205060 5631229060
1668 5631229060 5631253060
1669 5631253060 5631277060
1670 5631277060 5631301060
1671 5631301060 5631325060
1672 5631325060 5631349060
1673 5631349060 5631373060
1674 5631373060 5631397060
1675 5631397060 5631421060
1676 5631421060 5631445060
1677 5631445060 5631469060
1678 5631469060 5631493060
1679 5631493060 5631517060
1680 5631517060 5631541060
1681 5631541060 5631565060
1682 5631565060 5631589060
1683 5631589060 5631613060
1684 5631613060 5631637060
1685 5631637060 5631661060
1686 5631661060 5631685060
1687 5631685060 5631709060
1688 5631709060 5631733060
1689 5631733060 5631757060
1690 5631757060 5631781060
1691 5631781060 5631805060
1692 5631805060 5631829060
1693 5631829060 5631853060
1694 5631853060 5631877060
1695 5631877060 5631901060
1696 5631901060 5631925060
1697 5631925060 5631949060
1698 5631949060 5631973060
1699 5631973060 5631997060
1700 5631997060 5632021060
1701 5632021060 5632045060
1702 5632045060 5632069060
1703 5632069060 5632093060
1704 5632093060 5632117060
1705 5632117060 5632141060
1706 5632141060 5632165060
1707 5632165060 5632189060
1708 5632189060 5632213060
1709 5632213060 5632237060
1710 5632237060 5632261060
1711 5632261060 5632285060
1712 5632285060 5632309060
1713 5632309060 5632333060
1714 5632333060 5632357060
1715 5632357060 5632381060
1716 5632381060 5632405060
1717 5632405060 5632429060
1718 5632429060 5632453060
1719 5632453060 5632477060
1720 5632477060 5632501060
1721 5632501060 5632525060
1722 5632525060 5632549060
1723 5632549060 5632573060
1724 5632573060 5632597060
1725 5632597060 5632621060
1726 5632621060 5632645060
1727 5632645060 5632669060
1728 5632669060 5632693060
1729 5632693060 5632717060
1730 5632717060 5632741060
1731 5632741060 5632765060
1732 5632765060 5632789060
1733 5632789060 5632813060
1734 5632813060 5632837060
1735 5632837060 5632861060
1736 5632861060 5632885060
1737 5632885060 5632909060
1738 5632909060 5632933060
1739 5632933060 5632957060
1740 5632957060 5632981060
1741 5632981060 5633005060
1742 5633005060 5633029060
1743 5633029060 5633053060
1744 5633053060 5633077060
1745 5633077060 5633101060
1746 5633101060 5633125060
1747 5633125060 5633149060
1748 5633149060 5633173060
1749 5633173060 5633197060
1750 5633197060 5633221060
1751 5633221060 5633245060
1752 5633245060 5633269060
1753 5633269060 5633293060
1754 5633293060 5633317060
1755 5633317060 5633341060
1756 5633341060 5633365060
1757 5633365060 5633389060
1758 5633389060 5633413060
1759 5633413060 5633437060
1760 5633437060 5633461060
1761 5633461060 5633485060
1762 5633485060 5633509060
1763 5633509060 5633533060
1764 5633533060 5633557060
1765 5633557060 5633581060
1766 5633581060 5633605060
1767 5633605060 5633629060
1768 5633629060 5633653060
1769 5633653060 5633677060
1770 5633677060 5633701060
1771 5633701060 5633725060
1772 5633725060 5633749060
1773 5633749060 5633773060
1774 5633773060 5633797060
1775 5633797060 5633821060
1776 5633821060 5633845060
1777 5633845060 5633869060
1778 5633869060 5633893060
1779 5633893060 5633917060
1780 5633917060 5633941060
1781 5633941060 5633965060
1782 5633965060 5633989060
1783 5633989060 5634013060
1784 5634013060 5634037060
1785 5634037060 5634061060
1786 5634061060 5634085060
1787 5634085060 5634109060
1788 5634109060 5634133060
1789 5634133060 5634157060
1790 5634157060 5634181060
1791 5634181060 5634205060
1792 5634205060 5634229060
1793 5634229060 5634253060
1794 5634253060 5634277060
1795 5634277060 5634301060
1796 5634301060 5634325060
1797 5634325060 5634349060
1798 5634349060 5634373060
1799 5634373060 5634397060
1800 5634397060 5634421060
1801 5634421060 5634445060
1802 5634445060 5634469060
1803 5634469060 5634493060
1804 5634493060 5634517060
1805 5634517060 5634541060
1806 5634541060 5634565060
1807 5634565060 5634589060
1808 5634589060 5634613060
1809 5634613060 5634637060
1810 5634637060 5634661060
1811 5634661060 5634685060
1812 5634685060 5634709060
1813 5634709060 5634733060
1814 5634733060 5634757060
1815 5634757060 5634781060
1816 5634781060 5634805060
1817 5634805060 5634829060
1818 5634829060 5634853060
1819 5634853060 5634877060
1820 5634877060 5634901060
1821 5634901060 5634925060
1822 5634925060 5634949060
1823 5634949060 5634973060
1824 5634973060 5634997060
1825 5634997060 5635021060
1826 5635021060 5635045060
1827 5635045060 5635069060
1828 5635069060 5635093060
1829 5635093060 5635117060
1830 5635117060 5635141060
1831 5635141060 5635165060
1832 5635165060 5635189060
1833 5635189060 5635213060
1834 5635213060 5635237060
1835 5635237060 5635261060
1836 5635261060 5635285060
1837 5635285060 5635309060
1838 5635309060 5635333060
1839 5635333060 5635357060
1840 5635357060 5635381060
1841 5635381060 5635405060
1842 5635405060 5635429060
1843 5635429060 5635453060
1844 5635453060 5635477060
1845 5635477060 5635501060
1846 5635501060 5635525060
1847 5635525060 5635549060
1848 5635549060 5635573060
1849 5635573060 5635597060
1850 5635597060 5635621060
1851 5635621060 5635645060
1852 5635645060 5635669060
1853 5635669060 5635693060
1854 5635693060 5635717060
1855 5635717060 5635741060
1856 5635741060 5635765060
1857 5635765060 5635789060
1858 5635789060 5635813060
1859 5635813060 5635837060
1860 5635837060 5635861060
1861 5635861060 5635885060
1862 5635885060 5635909060
1863 5635909060 5635933060
1864 5635933060 5635957060
1865 5635957060 5635981060
1866 5635981060 5636005060
1867 5636005060 5636029060
1868 5636029060 5636053060
1869 5636053060 5636077060
1870 5636077060 5636101060
1871 5636101060 5636125060
1872 5636125060 5636149060
1873 5636149060 5636173060
1874 5636173060 5636197060
1875 5636197060 5636221060
1876 5636221060 5636245060
1877 5636245060 5636269060
1878 5636269060 5636293060
1879 5636293060 5636317060
1880 5636317060 5636341060
1881 5636341060 5636365060
1882 5636365060 5636389060
1883 5636389060 5636413060
1884 5636413060 5636437060
1885 5636437060 5636461060
1886 5636461060 5636485060
1887 5636485060 5636509060
1888 5636509060 5636533060
1889 5636533060 5636557060
1890 5636557060 5636581060
1891 5636581060 5636605060
1892 5636605060 5636629060
1893 5636629060 5636653060
1894 5636653060 5636677060
1895 5636677060 5636701060
1896 5636701060 5636725060
1897 5636725060 5636749060
1898 5636749060 5636773060
1899 5636773060 5636797060
1900 5636797060 5636821060
1901 5636821060 5636845060
1902 5636845060 5636869060
1903 5636869060 5636893060
1904 5636893060 5636917060
1905 5636917060 5636941060
1906 5636941060 5636965060
1907 5636965060 5636989060
1908 5636989060 5637013060
1909 5637013060 5637037060
1910 5637037060 5637061060
1911 5637061060 5637085060
1912 5637085060 5637109060
1913 5637109060 5637133060
1914 5637133060 5637157060
1915 5637157060 5637181060
1916 5637181060 5637205060
1917 5637205060 5637229060
1918 5637229060 5637253060
1919 5637253060 5637277060
1920 5637277060 5637301060
1921 5637301060 5637325060
1922 5637325060 5637349060
1923 5637349060 5637373060
1924 5637373060 5637397060
1925 5637397060 5637421060
1926 5637421060 5637445060
1927 5637445060 5637469060
1928 5637469060 5637493060
1929 5637493060 5637517060
1930 5637517060 5637541060
1931 5637541060 5637565060
1932 5637565060 5637589060
1933 5637589060 5637613060
1934 5637613060 5637637060
1935 5637637060 5637661060
1936 5637661060 5637685060
1937 5637685060 5637709060
1938 5637709060 5637733060
1939 5637733060 5637757060
1940 5637757060 5637781060
1941 5637781060 5637805060
1942 5637805060 5637829060
1943 5637829060 5637853060
1944 5637853060 5637877060
1945 5637877060 5637901060
1946 5637901060 5637925060
1947 5637925060 5637949060
1948 5637949060 5637973060
1949 5637973060 5637997060
1950 5637997060 5638021060
1951 5638021060 5638045060
1952 5638045060 5638069060
1953 5638069060 5638093060
1954 5638093060 5638117060
1955 5638117060 5638141060
1956 5638141060 5638165060
1957 5638165060 5638189060
1958 5638189060 5638213060
1959 5638213060 5638237060
1960 5638237060 5638261060
1961 5638261060 5638285060
1962 5638285060 5638309060
1963 5638309060 5638333060
1964 5638333060 5638357060
1965 5638357060 5638381060
1966 5638381060 5638405060
1967 5638405060 5638429060
1968 5638429060 5638453060
1969 5638453060 5638477060
1970 5638477060 5638501060
1971 5638501060 5638525060
1972 5638525060 5638549060
1973 5638549060 5638573060
1974 5638573060 5638597060
1975 5638597060 5638621060
1976 5638621060 5638645060
1977 5638645060 5638669060
1978 5638669060 5638693060
1979 5638693060 5638717060
1980 5638717060 5638741060
1981 5638741060 5638765060
1982 5638765060 5638789060
1983 5638789060 5638813060
1984 5638813060 5638837060
1985 5638837060 5638861060
1986 5638861060 5638885060
1987 5638885060 5638909060
1988 5638909060 5638933060
1989 5638933060 5638957060
1990 5638957060 5638981060
1991 5638981060 5639005060
1992 5639005060 5639029060
1993 5639029060 5639053060
1994 5639053060 5639077060
1995 5639077060 5639101060
1996 5639101060 5639125060
1997 5639125060 5639149060
1998 5639149060 5639173060
1999 5639173060 5639197060
2000 5639197060 5639221060
2001 5639221060 5639245060
2002 5639245060 5639269060
2003 5639269060 5639293060
2004 5639293060 5639317060
2005 5639317060 5639341060
2006 5639341060 5639365060
2007 5639365060 5639389060
2008 5639389060 5639413060
2009 5639413060 5639437060
2010 5639437060 5639461060
2011 5639461060 5639485060
2012 5639485060 5639509060
2013 5639509060 5639533060
2014 5639533060 5639557060
2015 5639557060 5639581060
2016 5639581060 5639605060
2017 5639605060 5639629060
2018 5639629060 5639653060
2019 5639653060 5639677060
2020 5639677060 5639701060
2021 5639701060 5639725060
2022 5639725060 5639749060
2023 5639749060 5639773060
2024 5639773060 5639797060
2025 5639797060 5639821060
2026 5639821060 5639845060
2027 5639845060 5639869060
2028 5639869060 5639893060
2029 5639893060 5639917060
2030 5639917060 5639941060
2031 5639941060 5639965060
2032 5639965060 5639989060
2033 5639989060 5640013060
2034 5640013060 5640037060
2035 5640037060 5640061060
2036 5640061060 5640085060
2037 5640085060 5640109060
2038 5640109060 5640133060
2039 5640133060 5640157060
2040 5640157060 5640181060
2041 5640181060 5640205060
2042 5640205060 5640229060
2043 5640229060 5640253060
2044 5640253060 5640277060
2045 5640277060 5640301060
2046 5640301060 5640325060
2047 5640325060 5640349060
2048 5640349060 5640373060
2049 5640373060 5640397060
2050 5640397060 5640421060
2051 5640421060 5640445060
2052 5640445060 5640469060
2053 5640469060 5640493060
2054 5640493060 5640517060
2055 5640517060 5640541060
2056 5640541060 5640565060
2057 5640565060 5640589060
2058 5640589060 5640613060
2059 5640613060 5640637060
2060 5640637060 5640661060
2061 5640661060 5640685060
2062 5640685060 5640709060
2063 5640709060 5640733060
2064 5640733060 5640757060
2065 5640757060 5640781060
2066 5640781060 5640805060
2067 5640805060 5640829060
2068 5640829060 5640853060
2069 5640853060 5640877060
2070 5640877060 5640901060
2071 5640901060 5640925060
2072 5640925060 5640949060
2073 5640949060 5640973060
2074 5640973060 5640997060
2075 5640997060 5641021060
2076 5641021060 5641045060
2077 5641045060 5641069060
2078 5641069060 5641093060
2079 5641093060 5641117060
2080 5641117060 5641141060
2081 5641141060 5641165060
2082 5641165060 5641189060
2083 5641189060 5641213060
2084 5641213060 5641237060
2085 5641237060 5641261060
2086 5641261060 5641285060
2087 5641285060 5641309060
2088 5641309060 5641333060
2089 5641333060 5641357060
2090 5641357060 5641381060
2091 5641381060 5641405060
2092 5641405060 5641429060
2093 5641429060 5641453060
2094 5641453060 5641477060
2095 5641477060 5641501060
2096 5641501060 5641525060
2097 5641525060 5641549060
2098 5641549060 5641573060
2099 5641573060 5641597060
2100 5641597060 5641621060
2101 5641621060 5641645060
2102 5641645060 5641669060
2103 5641669060 5641693060
2104 5641693060 5641717060
2105 5641717060 5641741060
2106 5641741060 5641765060
2107 5641765060 5641789060
2108 5641789060 5641813060
2109 5641813060 5641837060
2110 5641837060 5641861060
2111 5641861060 5641885060
2112 5641885060 5641909060
2113 5641909060 5641933060
2114 5641933060 5641957060
2115 5641957060 5641981060
2116 5641981060 5642005060
2117 5642005060 5642029060
2118 5642029060 5642053060
2119 5642053060 5642077060
2120 5642077060 5642101060
2121 5642101060 5642125060
2122 5642125060 5642149060
2123 5642149060 5642173060
2124 5642173060 5642197060
2125 5642197060 5642221060
2126 5642221060 5642245060
2127 5642245060 5642269060
2128 5642269060 5642293060
2129 5642293060 5642317060
2130 5642317060 5642341060
2131 5642341060 5642365060
2132 5642365060 5642389060
2133 5642389060 5642413060
2134 5642413060 5642437060
2135 5642437060 5642461060
2136 5642461060 5642485060
2137 5642485060 5642509060
2138 5642509060 5642533060
2139 5642533060 5642557060
2140 5642557060 5642581060
2141 5642581060 5642605060
2142 5642605060 5642629060
2143 5642629060 5642653060
2144 5642653060 5642677060
2145 5642677060 5642701060
2146 5642701060 5642725060
2147 5642725060 5642749060
2148 5642749060 5642773060
2149 5642773060 5642797060
2150 5642797060 5642821060
2151 5642821060 5642845060
2152 5642845060 5642869060
2153 5642869060 5642893060
2154 5642893060 5642917060
2155 5642917060 5642941060
2156 5642941060 5642965060
2157 5642965060 5642989060
2158 5642989060 5643013060
2159 5643013060 5643037060
2160 5643037060 5643061060
2161 5643061060 5643085060
2162 5643085060 5643109060
2163 5643109060 5643133060
2164 5643133060 5643157060
2165 5643157060 5643181060
2166 5643181060 5643205060
2167 5643205060 5643229060
2168 5643229060 5643253060
2169 5643253060 5643277060
2170 5643277060 5643301060
2171 5643301060 5643325060
2172 5643325060 5643349060
2173 5643349060 5643373060
2174 5643373060 5643397060
2175 5643397060 5643421060
2176 5643421060 5643445060
2177 5643445060 5643469060
2178 5643469060 5643493060
2179 5643493060 5643517060
2180 5643517060 5643541060
2181 5643541060 5643565060
2182 5643565060 5643589060
2183 5643589060 5643613060
2184 5643613060 5643637060
2185 5643637060 5643661060
2186 5643661060 5643685060
2187 5643685060 5643709060
2188 5643709060 5643733060
2189 5643733060 5643757060
2190 5643757060 5643781060
2191 5643781060 5643805060
2192 5643805060 5643829060
2193 5643829060 5643853060
2194 5643853060 5643877060
2195 5643877060 5643901060
2196 5643901060 5643925060
2197 5643925060 5643949060
2198 5643949060 5643973060
2199 5643973060 5643997060
2200 5643997060 5644021060
2201 5644021060 5644045060
2202 5644045060 5644069060
2203 5644069060 5644093060
2204 5644093060 5644117060
2205 5644117060 5644141060
2206 5644141060 5644165060
2207 5644165060 5644189060
2208 5644189060 5644213060
2209 5644213060 5644237060
2210 5644237060 5644261060
2211 5644261060 5644285060
2212 5644285060 5644309060
2213 5644309060 5644333060
2214 5644333060 5644357060
2215 5644357060 5644381060
2216 5644381060 5644405060
2217 5644405060 5644429060
2218 5644429060 5644453060
2219 5644453060 5644477060
2220 5644477060 5644501060
2221 5644501060 5644525060
2222 5644525060 5644549060
2223 5644549060 5644573060
2224 5644573060 5644597060
2225 5644597060 5644621060
2226 5644621060 5644645060
2227 5644645060 5644669060
2228 5644669060 5644693060
2229 5644693060 5644717060
2230 5644717060 5644741060
2231 5644741060 5644765060
2232 5644765060 5644789060
2233 5644789060 5644813060
2234 5644813060 5644837060
2235 5644837060 5644861060
2236 5644861060 5644885060
2237 5644885060 5644909060
2238 5644909060 5644933060
2239 5644933060 5644957060
2240 5644957060 5644981060
2241 5644981060 5645005060
2242 5645005060 5645029060
2243 5645029060 5645053060
2244 5645053060 5645077060
2245 5645077060 5645101060
2246 5645101060 5645125060
2247 5645125060 5645149060
2248 5645149060 5645173060
2249 5645173060 5645197060
2250 5645197060 5645221060
2251 5645221060 5645245060
2252 5645245060 5645269060
2253 5645269060 5645293060
2254 5645293060 5645317060
2255 5645317060 5645341060
2256 5645341060 5645365060
2257 5645365060 5645389060
2258 5645389060 5645413060
2259 5645413060 5645437060
2260 5645437060 5645461060
2261 5645461060 5645485060
2262 5645485060 5645509060
2263 5645509060 5645533060
2264 5645533060 5645557060
2265 5645557060 5645581060
2266 5645581060 5645605060
2267 5645605060 5645629060
2268 5645629060 5645653060
2269 5645653060 5645677060
2270 5645677060 5645701060
2271 5645701060 5645725060
2272 5645725060 5645749060
2273 5645749060 5645773060
2274 5645773060 5645797060
2275 5645797060 5645821060
2276 5645821060 5645845060
2277 5645845060 5645869060
2278 5645869060 5645893060
2279 5645893060 5645917060
2280 5645917060 5645941060
2281 5645941060 5645965060
2282 5645965060 5645989060
2283 5645989060 5646013060
2284 5646013060 5646037060
2285 5646037060 5646061060
2286 5646061060 5646085060
2287 5646085060 5646109060
2288 5646109060 5646133060
2289 5646133060 5646157060
2290 5646157060 5646181060
2291 5646181060 5646205060
2292 5646205060 5646229060
2293 5646229060 5646253060
2294 5646253060 5646277060
2295 5646277060 5646301060
2296 5646301060 5646325060
2297 5646325060 5646349060
2298 5646349060 5646373060
2299 5646373060 5646397060
2300 5646397060 5646421060
2301 5646421060 5646445060
2302 5646445060 5646469060
2303 5646469060 5646493060
2304 5646493060 5646517060
2305 5646517060 5646541060
2306 5646541060 5646565060
2307 5646565060 5646589060
2308 5646589060 5646613060
2309 5646613060 5646637060
2310 5646637060 5646661060
2311 5646661060 5646685060
2312 5646685060 5646709060
2313 5646709060 5646733060
2314 5646733060 5646757060
2315 5646757060 5646781060
2316 5646781060 5646805060
2317 5646805060 5646829060
2318 5646829060 5646853060
2319 5646853060 5646877060
2320 5646877060 5646901060
2321 5646901060 5646925060
2322 5646925060 5646949060
2323 5646949060 5646973060
2324 5646973060 5646997060
2325 5646997060 5647021060
2326 5647021060 5647045060
2327 5647045060 5647069060
2328 5647069060 5647093060
2329 5647093060 5647117060
2330 5647117060 5647141060
2331 5647141060 5647165060
2332 5647165060 5647189060
2333 5647189060 5647213060
2334 5647213060 5647237060
2335 5647237060 5647261060
2336 5647261060 5647285060
2337 5647285060 5647309060
2338 5647309060 5647333060
2339 5647333060 5647357060
2340 5647357060 5647381060
2341 5647381060 5647405060
2342 5647405060 5647429060
2343 5647429060 5647453060
2344 5647453060 5647477060
2345 5647477060 5647501060
2346 5647501060 5647525060
2347 5647525060 5647549060
2348 5647549060 5647573060
2349 5647573060 5647597060
2350 5647597060 5647621060
2351 5647621060 5647645060
2352 5647645060 5647669060
2353 5647669060 5647693060
2354 5647693060 5647717060
2355 5647717060 5647741060
2356 5647741060 5647765060
2357 5647765060 5647789060
2358 5647789060 5647813060
2359 5647813060 5647837060
2360 5647837060 5647861060
2361 5647861060 5647885060
2362 5647885060 5647909060
2363 5647909060 5647933060
2364 5647933060 5647957060
2365 5647957060 5647981060
2366 5647981060 5648005060
2367 5648005060 5648029060
2368 5648029060 5648053060
2369 5648053060 5648077060
2370 5648077060 5648101060
2371 5648101060 5648125060
2372 5648125060 5648149060
2373 5648149060 5648173060
2374 5648173060 5648197060
2375 5648197060 5648221060
2376 5648221060 5648245060
2377 5648245060 5648269060
2378 5648269060 5648293060
2379 5648293060 5648317060
2380 5648317060 5648341060
2381 5648341060 5648365060
2382 5648365060 5648389060
2383 5648389060 5648413060
2384 5648413060 5648437060
2385 5648437060 5648461060
2386 5648461060 5648485060
2387 5648485060 5648509060
2388 5648509060 5648533060
2389 5648533060 5648557060
2390 5648557060 5648581060
2391 5648581060 5648605060
2392 5648605060 5648629060
2393 5648629060 5648653060
2394 5648653060 5648677060
2395 5648677060 5648701060
2396 5648701060 5648725060
2397 5648725060 5648749060
2398 5648749060 5648773060
2399 5648773060 5648797060
2400 5648797060 5648821060
2401 5648821060 5648845060
2402 5648845060 5648869060
2403 5648869060 5648893060
2404 5648893060 5648917060
2405 5648917060 5648941060
2406 5648941060 5648965060
2407 5648965060 5648989060
2408 5648989060 5649013060
2409 5649013060 5649037060
2410 5649037060 5649061060
2411 5649061060 5649085060
2412 5649085060 5649109060
2413 5649109060 5649133060
2414 5649133060 5649157060
2415 5649157060 5649181060
2416 5649181060 5649205060
2417 5649205060 5649229060
2418 5649229060 5649253060
2419 5649253060 5649277060
2420 5649277060 5649301060
2421 5649301060 5649325060
2422 5649325060 5649349060
2423 5649349060 5649373060
2424 5649373060 5649397060
2425 5649397060 5649421060
2426 5649421060 5649445060
2427 5649445060 5649469060
2428 5649469060 5649493060
2429 5649493060 5649517060
2430 5649517060 5649541060
2431 5649541060 5649565060
2432 5649565060 5649589060
2433 5649589060 5649613060
2434 5649613060 5649637060
2435 5649637060 5649661060
2436 5649661060 5649685060
2437 5649685060 5649709060
2438 5649709060 5649733060
2439 5649733060 5649757060
2440 5649757060 5649781060
2441 5649781060 5649805060
2442 5649805060 5649829060
2443 5649829060 5649853060
2444 5649853060 5649877060
2445 5649877060 5649901060
2446 5649901060 5649925060
2447 5649925060 5649949060
2448 5649949060 5649973060
2449 5649973060 5649997060
2450 5649997060 5650021060
2451 5650021060 5650045060
2452 5650045060 5650069060
2453 5650069060 5650093060
2454 5650093060 5650117060
2455 5650117060 5650141060
2456 5650141060 5650165060
2457 5650165060 5650189060
2458 5650189060 5650213060
2459 5650213060 5650237060
2460 5650237060 5650261060
2461 5650261060 5650285060
2462 5650285060 5650309060
2463 5650309060 5650333060
2464 5650333060 5650357060
2465 5650357060 5650381060
2466 5650381060 5650405060
2467 5650405060 5650429060
2468 5650429060 5650453060
2469 5650453060 5650477060
2470 5650477060 5650501060
2471 5650501060 5650525060
2472 5650525060 5650549060
2473 5650549060 5650573060
2474 5650573060 5650597060
2475 5650597060 5650621060
2476 5650621060 5650645060
2477 5650645060 5650669060
2478 5650669060 5650693060
2479 5650693060 5650717060
2480 5650717060 5650741060
2481 5650741060 5650765060
2482 5650765060 5650789060
2483 5650789060 5650813060
2484 5650813060 5650837060
2485 5650837060 5650861060
2486 5650861060 5650885060
2487 5650885060 5650909060
2488 5650909060 5650933060
2489 5650933060 5650957060
2490 5650957060 5650981060
2491 5650981060 5651005060
2492 5651005060 5651029060
2493 5651029060 5651053060
2494 5651053060 5651077060
2495 5651077060 5651101060
2496 5651101060 5651125060
2497 5651125060 5651149060
2498 5651149060 5651173060
